  0.083052   0.015318   0.081833   0.062317  -0.024236   0.006732  -0.005198   0.034939  -0.078939   0.023923  
  0.039915  -0.021908  -0.046551   0.028103  -0.016434   0.021646   0.005431  -0.097519   0.009695   0.022778  
 -0.035791  -0.074203  -0.050662   0.015446  -0.058000   0.074136   0.017648  -0.056483  -0.043310  -0.051608  
 -0.050081  -0.071378  -0.016573  -0.090882   0.009731  -0.038673  -0.018005   0.008363   0.013341  -0.002647  
 -0.003434   0.056382  -0.073775   0.045122  -0.082052  -0.020731  -0.052476   0.038635  -0.072658  -0.033750  
 -0.009489  -0.040287  -0.015124  -0.056653   0.023207   0.029920   0.048765   0.033827  -0.089774   0.074842  
  0.040215   0.041591  -0.055153   0.034145   0.031133  -0.052337  -0.032302   0.047943  -0.056547  -0.046458  
  0.033091  -0.048626   0.005710  -0.021054  -0.079556  -0.039029   0.014388  -0.004988   0.012748   0.019476  
  0.006785   0.028548  -0.035368  -0.023094  -0.031432   0.022407  -0.050366  -0.002522  -0.009258  -0.033628  
 -0.066226   0.054584   0.006023  -0.071408  -0.000104  -0.040214  -0.102455   0.010314  -0.027360   0.079642  
 -0.031373  -0.011281  -0.006013  -0.014757  -0.003553  -0.009624   0.019579  -0.011193   0.036584  -0.095845  
 -0.004376  -0.014379   0.070740   0.002002   0.062708  -0.018228   0.024009  -0.032258  -0.018706  -0.001783  
  0.060109  -0.023046  -0.026318  -0.022797   0.020815  -0.112353   0.057389   0.053043  -0.076236  -0.029728  
  0.052312   0.086077  -0.027881   0.043319   0.027777   0.057574   0.021530   0.002252  -0.007503  -0.032037  
 -0.014350   0.008496  -0.096395   0.037469   0.022589   0.033766  -0.046055  -0.096377  -0.003640  -0.025019  
 -0.005426   0.037750  -0.015704   0.008033  -0.038617  -0.006140  -0.055719   0.046195   0.050677  -0.002255  
 -0.006859   0.010205  -0.011631  -0.010446  -0.020191   0.023327  -0.061351  -0.017502   0.014189  -0.003447  
  0.007022  -0.021413   0.040943   0.023543   0.022618  -0.062540  -0.029187  -0.018305   0.004560  -0.045462  
 -0.006506   0.031032  -0.014185  -0.011466   0.033070  -0.009876  -0.020375  -0.016933  -0.061574  -0.040003  
  0.019114  -0.007525  -0.009662   0.004167   0.054385   0.052168  -0.001401   0.012357   0.010475  -0.045924  
 -0.049419  -0.067244   0.051173   0.044059   0.057456   0.034920  -0.007526  -0.099528  -0.011992  -0.025861  
 -0.015030   0.035631   0.118540   0.014544   0.031492   0.037605   0.063313  -0.006171  -0.016863  -0.060330  
 -0.002535   0.049804   0.005779   0.030568  -0.053248  -0.023850  -0.133923  -0.081705  -0.044079   0.037080  
  0.005047  -0.050484  -0.034765   0.075686   0.075424   0.021926  -0.034022   0.002419   0.005525   0.031223  
  0.032573  -0.014699  -0.038584   0.008207   0.009488  -0.003082   0.052904  -0.044208  -0.058280   0.012095  
 -0.018510  -0.020818   0.094688   0.003950   0.044165   0.011795  -0.080640   0.059943  -0.039305  -0.046492  
  0.075872  -0.018943   0.017790  -0.043104  -0.018163  -0.043724   0.064578  -0.016876   0.002665   0.024194  
 -0.002120  -0.028422  -0.056053  -0.060279   0.052787  -0.038283  -0.014035   0.006745   0.014234  -0.002916  
 -0.066191  -0.017723  -0.011245   0.000960  -0.005360  -0.041543  -0.027619   0.039662   0.014487  -0.000815  
  0.117741  -0.013807  -0.075692  -0.020916  -0.007800  -0.008733   0.052402   0.047880   0.015200   0.030480  
 -0.032995  -0.016507   0.053800   0.022621  -0.049306   0.055741  -0.049321  -0.005782  -0.019529   0.007713  
  0.020961   0.114765  -0.045166   0.042656  -0.037318   0.080266  -0.026223   0.004931  -0.008053   0.000546  
  0.028092   0.034222   0.030271  -0.028810   0.030119  -0.018716   0.027341  -0.027885   0.041963  -0.026754  
  0.110714   0.006008  -0.026803  -0.002522   0.029893  -0.087424   0.008627  -0.000552   0.011789  -0.111130  
  0.053462  -0.033614  -0.013122   0.045549   0.003938   0.053504  -0.024431  -0.034776   0.092598  -0.005622  
  0.023837   0.113605  -0.022871   0.004463  -0.004565  -0.029156   0.000371   0.002145  -0.002979  -0.087342  
  0.021352  -0.009099   0.014978  -0.085881  -0.045501  -0.071200  -0.070228   0.026440   0.045276   0.079571  
  0.001316  -0.157312   0.014678   0.032674   0.024608   0.064032   0.035202   0.032016  -0.027830   0.006768  
  0.033141  -0.005807   0.029795   0.014342  -0.034915  -0.037158   0.021711   0.036627   0.015206   0.006954  
  0.007979   0.015568  -0.005852  -0.036229  -0.002297   0.024843   0.013463   0.059311  -0.012377   0.071369  
  0.020381   0.061114   0.025949  -0.017436  -0.041706   0.028764  -0.005353  -0.090828  -0.112457  -0.039053  
 -0.019470   0.059994  -0.015768   0.023948   0.010325  -0.015069  -0.040085  -0.028377  -0.063126   0.043483  
 -0.048560  -0.053026   0.105013  -0.044417  -0.017891  -0.031798   0.021071   0.002022   0.011510  -0.022154  
 -0.102966  -0.055680   0.000225  -0.029047  -0.034837   0.005560  -0.043862   0.015201  -0.038557  -0.015310  
  0.005148   0.082546   0.036819  -0.011950  -0.012913   0.029790  -0.019692   0.069475  -0.060688  -0.009903  
  0.042766  -0.011457  -0.029508  -0.017287   0.031521  -0.030617  -0.049714   0.016495   0.002819   0.066565  
  0.042879   0.046386  -0.052009  -0.003590   0.025068  -0.021930  -0.072662   0.039235  -0.059868  -0.022710  
  0.018289  -0.035323  -0.044401   0.034127  -0.021519   0.055279   0.017709  -0.056481   0.015382  -0.047569  
  0.003141   0.007408  -0.017104   0.078114  -0.092826  -0.056931   0.086837   0.021654   0.026448   0.052494  
 -0.013446   0.007373  -0.033887   0.076855   0.000337   0.064129   0.036331   0.072311   0.052789   0.028076  
 -0.033200  -0.010506   0.006843   0.005478  -0.090787  -0.008305  -0.013951   0.047844   0.024374  -0.060492  
 -0.003781   0.005132  -0.000626  -0.000096   0.009917  -0.002023   0.045156  -0.013255  -0.088201  -0.035702  
 -0.031792   0.052761   0.032411   0.035332  -0.037715   0.008180   0.011821   0.032334   0.038353  -0.038357  
  0.086356   0.029314   0.009783   0.032668   0.019719  -0.046792  -0.030965  -0.064811   0.006946   0.067527  
  0.043650  -0.068274   0.023693  -0.009633   0.046793   0.015598  -0.006178   0.012800  -0.041542   0.003963  
 -0.067215   0.082537   0.012680  -0.010809   0.108111   0.032341  -0.007448  -0.056598  -0.043139  -0.035084  
 -0.079558  -0.049044  -0.022634   0.061942  -0.016892   0.012508  -0.062087   0.002647  -0.075213  -0.025821  
  0.035340  -0.010762   0.008563   0.015598  -0.065494  -0.016292  -0.030840  -0.003331   0.029681   0.024075  
  0.082574   0.104943   0.062933  -0.048362  -0.017995  -0.023342   0.032072   0.020848   0.015510  -0.007007  
 -0.023675   0.056449  -0.084129  -0.024115  -0.016025   0.064053   0.052828  -0.024642   0.026729   0.008990  
 -0.040063   0.012971  -0.058570   0.050686  -0.076558  -0.010733  -0.016210  -0.073250  -0.019937   0.023534  
  0.080736  -0.031642  -0.003952   0.114805   0.034310  -0.021010   0.062000  -0.038498  -0.039448  -0.008936  
 -0.016822   0.075966   0.024365   0.022809   0.011353   0.005485   0.043877  -0.034033  -0.001059  -0.035804  
  0.015541   0.010155   0.052613   0.019586   0.007909  -0.001505   0.087315   0.047162  -0.083150  -0.000842  
 -0.008898  -0.023410   0.031370   0.000414  -0.010185   0.050301   0.009907  -0.004299  -0.088574   0.027087  
 -0.029234  -0.082486   0.021133   0.026448  -0.073961  -0.056446  -0.039634   0.011799   0.058223  -0.029990  
 -0.039372  -0.052438  -0.002680  -0.003070  -0.009184  -0.007102  -0.027329  -0.058889   0.001511  -0.001140  
  0.090603  -0.000770   0.074811  -0.013005   0.039212   0.019459  -0.018821  -0.031545  -0.026160   0.091675  
  0.030440  -0.014643  -0.012009   0.024961   0.013737  -0.011041   0.031802  -0.011695  -0.003181   0.000597  
 -0.066127  -0.030270  -0.034469  -0.061896   0.027076   0.019736  -0.059289   0.017838  -0.019548  -0.022917  
  0.001082  -0.017411  -0.061290  -0.008015  -0.038206  -0.056767  -0.028503   0.024922  -0.012978   0.002286  
  0.044435   0.064699   0.030637  -0.038201   0.026851   0.031033  -0.019363   0.077379  -0.052061  -0.007852  
  0.059882  -0.002925   0.003554   0.051189  -0.043151  -0.024097  -0.029555  -0.052286   0.135653  -0.007273  
  0.013697  -0.046214  -0.039326  -0.014107  -0.002470   0.014840  -0.016391   0.033252   0.020413   0.084279  
 -0.033398  -0.047970   0.001367   0.044659   0.051583   0.087741   0.007347   0.004641  -0.048082  -0.018177  
 -0.003730  -0.027754   0.051993   0.095213  -0.020535  -0.005965  -0.050532   0.002257  -0.018857   0.006942  
 -0.030184  -0.011072  -0.042160   0.047441   0.025511   0.062523  -0.018716  -0.012633   0.024647  -0.037113  
  0.033240  -0.013769   0.058174   0.032034  -0.033421   0.023322  -0.013986  -0.062329   0.038002   0.000189  
  0.003577   0.033870   0.072490  -0.018072  -0.006343  -0.058274   0.036429  -0.013137   0.001611   0.008238  
 -0.056552  -0.036237   0.045328   0.006876  -0.042792   0.044190   0.062427  -0.000093  -0.057597   0.054791  
  0.028159  -0.022043   0.005035   0.009240  -0.008178  -0.127780  -0.033075  -0.071455   0.037344  -0.001541  
 -0.000758   0.000273  -0.003692   0.035470  -0.031684   0.038687   0.045251  -0.080736   0.002950   0.004248  
 -0.013874   0.010275  -0.083321  -0.015756   0.014397   0.026671  -0.035726   0.037555  -0.011613   0.045275  
  0.042823   0.019425  -0.021099  -0.002306  -0.010935  -0.078685  -0.102965  -0.033040  -0.034378   0.024582  
  0.003547   0.089396   0.045242  -0.045372   0.011554  -0.029643  -0.028718   0.025586   0.049274   0.036974  
 -0.094699   0.041848  -0.004730  -0.011715   0.016633  -0.040640  -0.046261  -0.022203  -0.032831   0.116804  
 -0.002052   0.007329   0.015285   0.031609   0.026089  -0.000459  -0.036291   0.057404  -0.066730  -0.027503  
  0.066912   0.053500   0.042739  -0.030096  -0.033128   0.032689   0.025425   0.016427  -0.046045  -0.017644  
 -0.003635   0.008777   0.019774  -0.026374  -0.055693   0.026838  -0.027900  -0.023929  -0.012646   0.011031  
  0.016158  -0.015771  -0.047792   0.024911  -0.059055   0.025557   0.007636   0.005672   0.080226  -0.047955  
 -0.046556  -0.081384  -0.005740   0.009518   0.023278  -0.011886   0.002689   0.100848  -0.003638   0.011744  
 -0.014952   0.056224   0.012496   0.051032   0.039892   0.016775  -0.096043   0.025918  -0.030154  -0.039922  
  0.009013   0.027613  -0.014235  -0.030084  -0.006830  -0.058500   0.026892  -0.015751  -0.017751   0.020158  
 -0.000507  -0.029726   0.020459   0.061096   0.067951   0.051157   0.059553  -0.045834  -0.023377   0.029953  
  0.041756  -0.010059  -0.068510  -0.035633  -0.044600   0.011466  -0.034529   0.016020  -0.069288   0.039743  
 -0.009115  -0.024233   0.081607  -0.034508  -0.004900  -0.039612  -0.035014   0.047315   0.053087  -0.027151  
  0.010021   0.039894   0.028607   0.020297   0.064544  -0.070673   0.012607  -0.064239   0.049926  -0.024334  
  0.019387   0.024742   0.011334   0.029849  -0.055197   0.049815   0.029888   0.076153   0.025022   0.042562  
  0.008369  -0.014229   0.070492  -0.012717   0.090026   0.026606  -0.057197  -0.046294   0.111462  -0.051855  
 -0.048371   0.073920  -0.053526  -0.010400  -0.008758   0.001227   0.014159   0.028846   0.014085  -0.009812  
  0.003957  -0.092224   0.053007   0.071092  -0.001900  -0.114082  -0.033888  -0.001073  -0.031147   0.034398  
 -0.082627   0.022778   0.026339  -0.060813  -0.062025  -0.005804   0.045089  -0.011980  -0.025781   0.020672  
  0.053678   0.046524  -0.047739  -0.094341  -0.056924   0.093289  -0.014211  -0.031709  -0.028941  -0.016138  
  0.030205  -0.033530  -0.063916   0.017942   0.011903   0.067720  -0.085993   0.069560  -0.030025  -0.011139  
 -0.013521   0.039959  -0.002327  -0.016335   0.007356   0.034282  -0.017617   0.029094   0.011627   0.003165  
  0.055627  -0.083554   0.039794  -0.044764   0.045300   0.052201   0.001524   0.043698  -0.012870  -0.106655  
 -0.082335   0.000621  -0.044183   0.037068   0.003117   0.076834  -0.017419   0.019788  -0.015377  -0.049198  
  0.050105   0.063050  -0.048244  -0.019759  -0.002169  -0.058012   0.002981  -0.037098  -0.038516   0.003086  
 -0.070034  -0.095522  -0.022080  -0.019701  -0.027066   0.034307   0.047178  -0.058780   0.020842   0.031115  
 -0.019766  -0.015256  -0.002027   0.040769   0.065910  -0.087216   0.012761  -0.036130   0.039266   0.021859  
  0.032337  -0.016082   0.006080   0.003966  -0.004562   0.026749  -0.080862   0.032427  -0.060143  -0.033203  
 -0.012383  -0.002818  -0.022904   0.051009  -0.010398  -0.016386  -0.044144   0.004792   0.002118   0.011852  
  0.036627  -0.003676  -0.020037  -0.037215   0.001700   0.003019   0.074829   0.031624   0.029762   0.038831  
 -0.039732   0.026557  -0.005996   0.052722  -0.053745  -0.023252   0.044283  -0.084324  -0.024951   0.042979  
 -0.023863   0.035293   0.024517  -0.007077   0.025492   0.063745   0.008401   0.062881   0.024132  -0.018392  
 -0.018295  -0.137164   0.017991   0.036600  -0.036630  -0.006962  -0.091003  -0.060188  -0.037982  -0.053355  
  0.020637  -0.034985  -0.089694  -0.010208  -0.011059   0.029084   0.019038   0.058909   0.062905   0.050539  
 -0.015967   0.016771  -0.007331  -0.004268   0.027060  -0.000053  -0.016302  -0.035997   0.043454   0.057515  
 -0.010980   0.053903  -0.054518   0.099068  -0.008954   0.027380   0.015633   0.027291   0.052013  -0.021884  
  0.010426  -0.001912   0.042339  -0.030652   0.026202  -0.021287   0.035772  -0.027588   0.025044   0.063266  
 -0.055528  -0.002248   0.032556  -0.015124  -0.053541  -0.045813  -0.045706   0.107114  -0.024594  -0.025964  
 -0.044707  -0.032402  -0.010996  -0.010360  -0.013867   0.062395   0.014143  -0.091439   0.012524   0.007028  
 -0.003562   0.005586   0.010262   0.013127  -0.084380   0.027886   0.021685  -0.072100   0.001491   0.007046  
 -0.005335  -0.015695   0.030760   0.009505   0.036163  -0.016371   0.012407   0.032918   0.032386  -0.027950  
  0.012067   0.054121   0.006886   0.010410   0.049539   0.045402  -0.042847  -0.050178  -0.056964  -0.070562  
  0.040485  -0.078903  -0.027240   0.006254  -0.008172   0.009771  -0.090301  -0.002204  -0.022053  -0.016152  
 -0.035624  -0.072673   0.017353  -0.102437   0.046212  -0.022808  -0.010859  -0.147402   0.034533   0.040802  
 -0.024776   0.000144   0.035022  -0.007984  -0.061978   0.011899   0.008772  -0.056926   0.002298  -0.005209  
  0.095483  -0.021199   0.001608   0.002358   0.020855   0.041053  -0.059068  -0.068153   0.024288  -0.036252  
  0.051826   0.061192  -0.044110   0.023660   0.079797   0.024541   0.006754  -0.039953   0.014569   0.123595  
  0.035343  -0.042242   0.014558  -0.063015   0.024085  -0.094458   0.056759  -0.112397  -0.038530  -0.000274  
  0.013035  -0.016807  -0.063937   0.059408   0.005538  -0.073786   0.010436  -0.074444  -0.043767   0.059647  
  0.006220   0.034173  -0.001504   0.027364  -0.007006   0.006209  -0.003821  -0.006705   0.011536  -0.022778  
  0.072358  -0.032240  -0.040652   0.025227  -0.099661   0.021825   0.054906  -0.081041   0.008580   0.025307  
  0.010719  -0.020110   0.006708   0.080792  -0.047155   0.000965   0.058387   0.035123   0.014201   0.031781  
  0.058984   0.042030   0.005497  -0.074709  -0.030726   0.005129   0.008528  -0.057369  -0.057686   0.019727  
  0.144158   0.002841  -0.048517  -0.049933   0.005702  -0.020974   0.009762   0.030243   0.082060   0.086737  
 -0.005610   0.014094  -0.072039   0.014967   0.020052  -0.013455   0.010138  -0.031538   0.040351  -0.044314  
 -0.051549   0.017467  -0.045050  -0.077779   0.027916  -0.026288  -0.096038  -0.140486  -0.050773   0.045323  
  0.031330  -0.067218  -0.011471  -0.001889  -0.011253   0.010120   0.052427   0.026540  -0.030752  -0.042942  
  0.007033   0.023854   0.005234   0.007138  -0.133134  -0.051116   0.004541   0.003080   0.015582  -0.001055  
 -0.055720   0.076591  -0.010619  -0.053861  -0.004750   0.041907   0.037431   0.006285   0.014969  -0.003627  
 -0.046807   0.031525   0.032862  -0.027982   0.015354   0.076191   0.013882   0.067103   0.013452  -0.044181  
  0.012662   0.029519   0.080053   0.030448   0.009022  -0.008474  -0.001888   0.026674   0.015710   0.079807  
 -0.003549   0.031830  -0.032124  -0.013271   0.032404   0.029612  -0.017326   0.020373  -0.030317  -0.035841  
  0.022266   0.005447  -0.055074  -0.009679  -0.008466  -0.025498  -0.017621  -0.089731  -0.025394  -0.036456  
 -0.002594   0.039457  -0.027419   0.028689   0.022832  -0.104734   0.077354   0.058059   0.044557   0.011732  
 -0.031989  -0.018445   0.016646   0.011648   0.075897  -0.003848   0.004461   0.019350   0.036593  -0.033520  
  0.040786   0.084320   0.075862   0.028180  -0.027390  -0.095799  -0.029001  -0.091579   0.025666  -0.012256  
 -0.042959  -0.000605  -0.000054  -0.005794  -0.043386   0.030589   0.015390  -0.053767   0.040247  -0.022818  
  0.000504  -0.048507  -0.006221   0.047078  -0.005397   0.026284   0.078189   0.059380  -0.006951   0.027157  
  0.019503   0.019321  -0.040538   0.002522   0.018519  -0.057437   0.030975   0.033939  -0.025499   0.024993  
  0.050571   0.046144   0.078921  -0.003762  -0.099949   0.042018   0.037674  -0.025854  -0.090665  -0.034726  
 -0.011025   0.050211  -0.068443   0.000894   0.033320   0.012202  -0.023313   0.034231   0.097905   0.038149  
  0.019100  -0.027463   0.013232   0.041035   0.054847  -0.009265  -0.014723  -0.004288   0.016767   0.006687  
  0.023698  -0.006014  -0.041534   0.068182   0.062137   0.059515  -0.007238  -0.014905  -0.039886  -0.093221  
  0.012256  -0.031359   0.056150  -0.057253  -0.002918  -0.028980  -0.018107   0.003107  -0.012495   0.051672  
  0.047974  -0.022095  -0.017613  -0.022574   0.039509  -0.026789  -0.028550  -0.009353   0.044515  -0.014756  
 -0.032977   0.010744   0.008615  -0.028089   0.098129   0.023357   0.003670  -0.040372  -0.030489   0.022060  
 -0.019582  -0.014719  -0.011022   0.012850   0.040927   0.021292  -0.048988   0.014757  -0.016345   0.009037  
  0.092228   0.030998   0.043348   0.046445  -0.060760   0.038193   0.045433   0.024008  -0.051614   0.029509  
 -0.003170  -0.024741   0.010218  -0.045522   0.047905   0.051657   0.073149  -0.055641  -0.042914  -0.071505  
  0.034776  -0.044675   0.047761  -0.057474  -0.035439  -0.008105  -0.013224  -0.100877   0.001545  -0.004607  
  0.047941   0.002724  -0.022388  -0.043416   0.086163  -0.072117   0.071012  -0.067419  -0.058151   0.043454  
 -0.027619   0.015167   0.053999   0.027179   0.013919  -0.057468  -0.030132   0.032401  -0.036139   0.081096  
 -0.034488   0.051967  -0.051121  -0.011423  -0.067625  -0.041093   0.015285  -0.051065   0.075046   0.032604  
  0.121967  -0.062270   0.057025   0.002248   0.092688   0.073526   0.083084  -0.039883   0.023485   0.071020  
 -0.023726  -0.025373   0.045133  -0.067776  -0.064526   0.115757   0.041923  -0.065882  -0.029376   0.052088  
  0.046211  -0.013869  -0.045012   0.002992  -0.107568   0.001995  -0.004121  -0.002251  -0.089788  -0.030051  
  0.031938  -0.077668   0.021459   0.033720   0.057159   0.042830  -0.034492  -0.067856   0.047259   0.022982  
 -0.026651  -0.043193  -0.022849  -0.097960   0.029374   0.100993  -0.053208   0.062906   0.038846   0.011946  
 -0.000338   0.060089  -0.002007  -0.008466   0.000011  -0.006861   0.008700  -0.015737   0.018614  -0.021491  
  0.084937  -0.027524  -0.153301  -0.010097  -0.006553  -0.042209  -0.015228  -0.081874   0.008470   0.007460  
  0.021423   0.009807  -0.016944   0.063287   0.010653  -0.013354  -0.028115   0.015065   0.041445  -0.036481  
 -0.052325  -0.037097  -0.043024  -0.039177   0.045221   0.006468   0.005617  -0.111695  -0.029742   0.029931  
  0.042964   0.035019   0.005603   0.025651   0.030601   0.003911  -0.021603  -0.044189   0.007183   0.020827  
 -0.017338   0.054564  -0.006268  -0.059264  -0.044157  -0.065454  -0.041071   0.049652  -0.039336  -0.018867  
  0.085544  -0.068298  -0.002988  -0.064192  -0.046987   0.060968  -0.004160   0.002117  -0.093696  -0.018082  
 -0.001895  -0.036106  -0.082891   0.026256   0.028681  -0.035226  -0.111538   0.024064   0.009546   0.006668  
 -0.016954  -0.029153  -0.019801   0.001737   0.015449   0.090060   0.070160  -0.047936  -0.042973   0.056455  
 -0.057574  -0.038680   0.007204  -0.018417  -0.085455  -0.017967   0.026008   0.034168   0.010930   0.094057  
 -0.038488   0.038578   0.032918  -0.050834  -0.024194   0.078832  -0.062783   0.028799   0.027705  -0.012303  
 -0.050087  -0.065585   0.050269   0.006967   0.024814  -0.027683  -0.037036  -0.021395   0.041664  -0.006899  
  0.032051  -0.016498   0.055235   0.129168  -0.033786   0.032099   0.029516  -0.027828  -0.051695   0.083677  
  0.073449  -0.010154  -0.025314  -0.041283   0.013424   0.031121  -0.052733   0.002039  -0.070113   0.001254  
  0.026527   0.006559  -0.028256  -0.062406  -0.060036  -0.076642  -0.031912   0.056747  -0.019907  -0.039353  
  0.010611   0.019107  -0.011450  -0.038278  -0.038135   0.010730   0.005442   0.013808   0.046053   0.054250  
  0.022222   0.100318  -0.043196  -0.001917   0.035901  -0.001469  -0.010364   0.044582  -0.048736   0.028279  
  0.000526   0.003520  -0.062504  -0.021524   0.067731  -0.082229   0.025059   0.022087   0.025196  -0.006127  
 -0.126924  -0.060575  -0.033742   0.013280  -0.041470  -0.007662  -0.073684  -0.001269  -0.014679   0.043460  
 -0.028383   0.038139  -0.005647   0.093810   0.004725   0.020112   0.014032   0.005871  -0.062118  -0.005029  
 -0.015499   0.082503  -0.137657  -0.016023   0.043155  -0.038905   0.009027   0.066221  -0.008442   0.012708  
 -0.059574  -0.018719   0.085035  -0.014619   0.050821  -0.021232  -0.010737   0.032135   0.055119   0.038177  
  0.022289   0.010660   0.033668   0.048705  -0.057500  -0.010759  -0.029082  -0.049959  -0.063836  -0.059095  
  0.031410  -0.015105  -0.055501  -0.016306  -0.003673   0.013655   0.062651   0.020944   0.004650  -0.070115  
 -0.015952   0.034647   0.053936  -0.000362  -0.005026  -0.120411  -0.000145  -0.050339   0.084265  -0.085436  
 -0.021765   0.025611  -0.006930  -0.073039   0.036770   0.043235  -0.035137  -0.045344   0.084524   0.085403  
  0.017215  -0.004287   0.007781  -0.040469  -0.087211   0.074505  -0.048229  -0.085873  -0.010287  -0.047617  
  0.042167   0.014726  -0.079890  -0.014052   0.037489   0.009907   0.075365   0.008876  -0.037764  -0.001813  
 -0.003811   0.013047   0.000961   0.012326   0.008697   0.029752  -0.050148   0.005947  -0.048778   0.017564  
  0.031551  -0.008855   0.079219   0.053269   0.078960   0.013612  -0.023314   0.073961  -0.011271   0.096883  
 -0.036995   0.025467  -0.055223  -0.014007   0.027144  -0.047932  -0.026244   0.015260   0.009848   0.002490  
  0.004590   0.052126   0.041414   0.007978   0.024840   0.001033  -0.105513   0.016454  -0.008894  -0.006107  
 -0.013034  -0.028716  -0.041949   0.004369   0.038646   0.025091   0.054786  -0.020665   0.023239   0.059843  
  0.050793  -0.007913  -0.030146   0.006137   0.000241   0.090330  -0.043664   0.050121   0.051841   0.070862  
  0.003584   0.025618  -0.002155  -0.014464  -0.008165  -0.103612  -0.025316  -0.014868  -0.046042   0.078658  
 -0.036998  -0.084717  -0.038092  -0.007591  -0.047392  -0.033320   0.018312  -0.025052  -0.004483  -0.003052  
 -0.010372  -0.000757  -0.042488   0.041329   0.127881  -0.017135   0.008104   0.087341  -0.022885   0.014001  
  0.017901   0.038059   0.032787  -0.058462  -0.069019   0.007667  -0.005112  -0.007028   0.036732  -0.093138  
 -0.082529   0.011998  -0.055171  -0.028564   0.075271   0.054369   0.016463  -0.015176  -0.010146   0.060347  
 -0.009876  -0.038346  -0.064690   0.052097  -0.052823   0.002578   0.024461  -0.004373   0.023107  -0.011245  
 -0.056427   0.032338   0.006837  -0.010082  -0.046594   0.011500   0.065026   0.019228  -0.041867  -0.004603  
  0.016231   0.028056   0.006093   0.044060   0.024997   0.052373  -0.000955  -0.018035  -0.013736  -0.042258  
  0.014328   0.035445   0.065421  -0.097165  -0.079438  -0.090163  -0.037571   0.031507   0.043072   0.012447  
  0.035499   0.004127   0.046999  -0.044046  -0.031180  -0.022440   0.012999   0.023830  -0.012065   0.085691  
  0.015097   0.067656  -0.014453  -0.075316   0.031619  -0.042921  -0.015800  -0.013129  -0.079052   0.001890  
  0.004999  -0.076852  -0.064129  -0.018362  -0.065841  -0.037623   0.047842  -0.028488   0.054289   0.018327  
  0.059461  -0.028910   0.007956   0.015125  -0.005789  -0.015946   0.015566   0.078464  -0.062569   0.031615  
  0.002781  -0.001978   0.008798  -0.071990  -0.047783   0.020639   0.023325  -0.015280  -0.030555   0.061415  
  0.009574  -0.051119  -0.036300  -0.113853  -0.059205  -0.090424   0.033986  -0.012868  -0.082377  -0.075514  
 -0.103900  -0.048025   0.000327  -0.033843  -0.014148  -0.050646   0.011795   0.024828  -0.097153  -0.027582  
  0.045846  -0.056812  -0.030108   0.048792   0.036000   0.035127  -0.013254  -0.031368  -0.012920  -0.052462  
 -0.080688  -0.107898   0.047839  -0.017860   0.061727  -0.106339   0.125416   0.054982   0.045923   0.017243  
 -0.066668  -0.033077  -0.023007   0.046942  -0.051060   0.025507  -0.026491  -0.025375  -0.087199   0.064322  
  0.035748   0.016824   0.007468  -0.081801  -0.020281  -0.040434   0.001913  -0.013306  -0.046044   0.080473  
 -0.004383  -0.034603   0.028377   0.010313  -0.032131   0.014170   0.009587   0.030769  -0.064965   0.008078  
  0.002352   0.108314  -0.014424  -0.076828   0.031270   0.075945   0.117698   0.062933   0.016181  -0.026192  
 -0.002505   0.039499   0.080234  -0.072788   0.061982  -0.017624  -0.004491  -0.071170  -0.040167  -0.004632  
  0.007161   0.020952   0.023961   0.008348   0.001058  -0.011172  -0.025339  -0.020511  -0.002024  -0.043356  
  0.015684   0.024363  -0.006912  -0.100381  -0.063446   0.003109   0.045959   0.007666  -0.037216   0.002319  
 -0.029500   0.011030  -0.016701  -0.034889  -0.024790  -0.078885   0.036421   0.039273  -0.010265  -0.006154  
 -0.010455  -0.057373   0.052317  -0.081646  -0.006315   0.026706  -0.078625  -0.101995   0.050513   0.034174  
  0.112073   0.020337  -0.089599  -0.068942  -0.032813  -0.026375  -0.011488   0.027621   0.064235  -0.129937  
 -0.052934  -0.026451  -0.013099  -0.061478  -0.001883  -0.071540  -0.014604  -0.053000  -0.024030  -0.081185  
  0.077006   0.022373   0.090066  -0.024597  -0.013125   0.016291   0.031652   0.002662   0.025284   0.025738  
  0.017954  -0.004515  -0.007305  -0.001183  -0.135884  -0.001690   0.011864   0.005487   0.014894  -0.001918  
  0.003168  -0.036152   0.011267  -0.052584  -0.084056  -0.051815   0.020747   0.053088   0.005331  -0.005115  
  0.078941  -0.037245   0.005936  -0.003916  -0.072651  -0.003438   0.059049  -0.074552  -0.034994   0.020016  
 -0.020138   0.000497   0.012265   0.081603   0.001683   0.000158  -0.042860   0.050276   0.003411  -0.096943  
  0.021917   0.025318   0.061270   0.012339  -0.068065  -0.009791   0.022481   0.064506   0.050074   0.036403  
  0.011734  -0.017041   0.021363   0.111339   0.023271   0.007672   0.019777   0.065588   0.012983  -0.077292  
  0.036944   0.006728  -0.114570   0.032303  -0.016525  -0.032860  -0.025713   0.012823  -0.031359   0.043857  
 -0.024023   0.078059   0.069436   0.002826   0.013352  -0.038306  -0.012034   0.058300   0.023330   0.018633  
 -0.075176  -0.038777   0.074375  -0.010804   0.016198  -0.011546  -0.029506  -0.041202  -0.014384   0.001327  
  0.063080   0.015592  -0.011131   0.031165   0.055630   0.062514   0.007656  -0.021119  -0.016525  -0.111888  
  0.064223   0.000824  -0.005749   0.030374   0.021855   0.016667   0.094458  -0.014657  -0.018778  -0.019607  
  0.034456   0.043184  -0.042681  -0.009496  -0.038619   0.022005  -0.020595  -0.055765  -0.070574   0.098236  
 -0.020566   0.031927  -0.029381  -0.009958   0.063698  -0.029027   0.074982   0.061704  -0.011799  -0.086843  
 -0.094329  -0.002369   0.023403   0.044019   0.079042  -0.065399   0.027192  -0.025074  -0.086409  -0.035590  
  0.048600  -0.008367  -0.018001  -0.014216   0.023804   0.044136  -0.075325   0.000387  -0.024907   0.023980  
  0.010029   0.051555  -0.040424   0.020256   0.019512  -0.049413   0.020140   0.062400   0.006520   0.006837  
  0.005799   0.064357   0.018119   0.042588   0.038701   0.006299  -0.002169  -0.045015  -0.053478   0.005161  
  0.035514  -0.049624   0.053032  -0.012415  -0.010246   0.045223  -0.022230  -0.018353  -0.064181   0.117946  
  0.006743  -0.015159   0.007553  -0.051127  -0.047950   0.003840   0.018330   0.056933  -0.009770   0.030527  
  0.030564   0.025456   0.005775  -0.046497  -0.004350   0.005833   0.029011  -0.064228   0.018708   0.024505  
 -0.052122   0.065832   0.016131   0.047468   0.016469   0.019303  -0.030995   0.025221   0.006346   0.034948  
 -0.092400   0.056575  -0.016983   0.028105  -0.007305  -0.038834   0.019540   0.033245   0.020523   0.003160  
  0.005838   0.087454   0.018999   0.012347   0.034348   0.070401   0.073552  -0.048073   0.033511  -0.031548  
 -0.078051  -0.030868   0.031478   0.000781   0.076724   0.065619   0.046576   0.024770  -0.071746  -0.013180  
  0.037499  -0.043391   0.071217  -0.010933   0.004756  -0.023856  -0.018944   0.083423  -0.004942  -0.053019  
 -0.050289  -0.026326   0.015140  -0.021663   0.068979  -0.092084   0.042452   0.030523  -0.024666   0.090520  
  0.056039   0.019546   0.004150   0.036356   0.054882   0.053988  -0.026633  -0.044925   0.015239   0.009807  
  0.099210  -0.064739   0.038032  -0.006139   0.066820   0.093527   0.030224   0.069781   0.050869   0.020876  
 -0.024410  -0.064431   0.006678  -0.061329   0.030797  -0.028882  -0.048808   0.005803   0.031645   0.018024  
 -0.029286  -0.031054   0.019158   0.058986   0.008303  -0.032105   0.038203   0.015482  -0.035295  -0.010420  
 -0.074689  -0.015531   0.095807   0.013940  -0.019499   0.067093   0.040635   0.013635   0.027623  -0.086364  
  0.020411   0.055058  -0.066226  -0.019889   0.031150  -0.077495  -0.042889  -0.039368  -0.079702   0.000185  
 -0.011507   0.035877   0.071788   0.039248  -0.051047   0.021229   0.038905  -0.040968  -0.012501   0.019038  
  0.002822   0.012069   0.048609  -0.001599   0.018668   0.049121   0.107599  -0.001855  -0.000607  -0.020385  
  0.027999  -0.005106  -0.023576   0.004152  -0.046273   0.056429  -0.033460  -0.025541   0.040444   0.008519  
  0.056025   0.028908   0.001831   0.031734   0.007001   0.009950  -0.013832  -0.014271   0.024276  -0.051087  
 -0.011510  -0.069205  -0.050685   0.051131   0.003012   0.012471  -0.042623   0.001660  -0.058736   0.044071  
 -0.049044  -0.021650  -0.018663   0.076148   0.012727  -0.000167  -0.045678   0.011162   0.023863  -0.068046  
 -0.034381   0.090167  -0.015252   0.067303  -0.148409   0.001179  -0.074008  -0.069577   0.062394  -0.089229  
  0.064810  -0.095165   0.006579  -0.044212  -0.095274   0.053365  -0.015730  -0.050293   0.034542  -0.006744  
  0.044078  -0.029697   0.001488  -0.026653   0.045961   0.038889   0.036492   0.065271  -0.064348  -0.008645  
  0.056075   0.026855  -0.030778   0.041568  -0.037483  -0.001712   0.017708   0.061569  -0.029610   0.023884  
  0.016661   0.008335   0.045570  -0.065385   0.066463  -0.034731  -0.027300  -0.011720  -0.004060  -0.013410  
  0.016268   0.043671  -0.011695  -0.060373   0.010270   0.053368   0.042366   0.017867   0.016945  -0.065820  
  0.018405  -0.053588   0.006247  -0.010536  -0.027685   0.006098  -0.037813   0.002788  -0.005624   0.023877  
 -0.022464   0.002141   0.029923  -0.004364   0.003048   0.005733   0.025484   0.017661   0.012334  -0.076778  
  0.017120  -0.000829   0.042855  -0.013877   0.006260  -0.012773  -0.075638   0.043269   0.047832  -0.025231  
  0.087048  -0.023215  -0.025696   0.030188   0.004700   0.009988   0.065183  -0.027595  -0.036366   0.001376  
 -0.004998   0.050707  -0.037073   0.029769  -0.025869  -0.029169   0.037088   0.080664   0.074072  -0.005881  
 -0.003611   0.019363   0.007342  -0.031475  -0.078603  -0.041678   0.028795  -0.015765  -0.024823   0.007533  
 -0.093197  -0.046689  -0.016453  -0.010808  -0.011328   0.008562   0.067595  -0.017418   0.013931   0.036920  
 -0.027245  -0.088503  -0.011130   0.017833  -0.011879   0.010007   0.012389  -0.032328  -0.016786  -0.022422  
 -0.009998   0.022342  -0.032769   0.008496   0.008192  -0.006315   0.019383   0.034558  -0.034431   0.052270  
 -0.076736  -0.010547   0.012653   0.039590  -0.076622  -0.064162   0.028640  -0.007874  -0.063847   0.040051  
  0.017890   0.024531  -0.020458  -0.060315   0.004622   0.036102   0.060074   0.009011   0.029842  -0.006715  
 -0.046349   0.046014   0.006014   0.023689  -0.030132   0.113005  -0.094696   0.021820  -0.022181  -0.010709  
 -0.019541   0.047123   0.023946  -0.058357   0.070159  -0.024577  -0.012835  -0.022766  -0.063067  -0.014252  
 -0.046773  -0.024436   0.013671   0.041620  -0.060384   0.035452  -0.043643   0.028831   0.036487  -0.007516  
 -0.023827  -0.022287   0.004829  -0.017123  -0.040779   0.013661   0.028566  -0.024052  -0.047492   0.045609  
  0.030979  -0.037317  -0.021837  -0.004508  -0.049381   0.052800   0.017032   0.023513   0.061142  -0.034334  
  0.051392  -0.093467  -0.012895  -0.015638  -0.021971  -0.006010  -0.010517   0.031398  -0.030489   0.008795  
 -0.005050  -0.010303  -0.018006  -0.002594  -0.027022   0.007755  -0.054132  -0.013332  -0.000074   0.090396  
  0.069176  -0.025783   0.055057  -0.064865   0.027912   0.006577   0.032844  -0.000859   0.061777   0.055496  
 -0.019922   0.001960   0.065216  -0.008662  -0.018031   0.013833   0.011927   0.017234   0.054749   0.003954  
 -0.067745   0.013574  -0.054265  -0.110155  -0.014313   0.013100  -0.023312  -0.089823   0.049308  -0.084652  
  0.007256  -0.020690   0.075183   0.056307  -0.031631  -0.014160  -0.014035  -0.023574   0.055258  -0.019317  
  0.019532  -0.062420   0.095573   0.077899  -0.070160  -0.104049  -0.039954   0.004772   0.063445   0.000160  
  0.039903   0.027686   0.037292   0.017115  -0.042307  -0.040479   0.077365   0.068638  -0.018740  -0.063231  
 -0.040376  -0.021075  -0.045811   0.067947   0.024378   0.082725   0.028357  -0.053502   0.009889  -0.042616  
  0.007132   0.011908  -0.026389   0.034699   0.010897   0.006525   0.078547   0.005985  -0.016313   0.014060  
  0.005550   0.043294  -0.047917   0.024361   0.022175   0.018172  -0.041138  -0.008478  -0.085217   0.015099  
 -0.022063   0.008559   0.054633  -0.082905  -0.009826  -0.009457   0.013800  -0.009241   0.054412   0.073453  
 -0.050892   0.112928  -0.100916   0.012028  -0.042111   0.007972   0.033427   0.013685   0.008619   0.003352  
 -0.015358   0.002662  -0.078129  -0.021889  -0.013588  -0.023817   0.005313   0.004712   0.015476  -0.000618  
 -0.008565  -0.007697  -0.009316  -0.005660   0.018267   0.056436   0.017284   0.018023  -0.025914  -0.002996  
  0.000773   0.063695   0.040717   0.049704  -0.008661  -0.034848   0.035966  -0.009544   0.023125   0.095374  
  0.048843  -0.046629  -0.015788   0.058870  -0.035176  -0.075271  -0.004295  -0.087255  -0.095234  -0.089460  
  0.023573   0.029000   0.000955  -0.014293   0.026554   0.040420   0.042263  -0.080363  -0.008298  -0.064926  
 -0.066115  -0.039814   0.030314  -0.022088   0.009473   0.054397   0.011625   0.052378   0.057236   0.096506  
  0.041448  -0.018039  -0.030717   0.047319  -0.083810   0.009813   0.060421  -0.027338  -0.052663  -0.003904  
  0.015306   0.019112  -0.020593  -0.011982  -0.002310  -0.074135   0.050530  -0.035697   0.013623  -0.006382  
 -0.044090  -0.011576   0.060171   0.011078   0.033373  -0.027274   0.019633   0.008390   0.032551  -0.012081  
 -0.002889   0.037821  -0.000333  -0.021935  -0.039929   0.027820  -0.015577   0.098031  -0.030383  -0.026292  
 -0.026869   0.045990   0.050507  -0.020268  -0.033431   0.114756  -0.060844  -0.011350   0.056076   0.033782  
 -0.033624   0.107889  -0.044907  -0.055362   0.022860  -0.041265   0.003944  -0.018971  -0.069690   0.032226  
  0.012262   0.085519  -0.034083   0.098880  -0.077229   0.008056  -0.038019  -0.060434  -0.043766   0.033373  
  0.012323   0.039524  -0.034057   0.056105  -0.032655   0.016956  -0.019606  -0.063028  -0.022079   0.073704  
  0.019629  -0.002967   0.081639  -0.040524   0.058403   0.022558  -0.019226  -0.016355  -0.063828   0.048986  
  0.002093  -0.006181  -0.052348  -0.074215  -0.027057  -0.007371  -0.015961  -0.044163   0.081492  -0.002459  
  0.043440  -0.013036  -0.007184  -0.002279  -0.016497  -0.014846   0.035146  -0.038477   0.075782   0.045573  
  0.018212  -0.021886   0.023059  -0.040789  -0.055626   0.025417   0.049206  -0.007299  -0.048053  -0.034099  
 -0.008411   0.027423   0.004997  -0.044417  -0.098342  -0.006701   0.087904  -0.030116  -0.045390   0.017581  
  0.032772  -0.075820   0.002787   0.039174  -0.038599  -0.007016   0.012702   0.016327  -0.063926   0.002196  
 -0.048482   0.000686  -0.076897  -0.026109   0.020864  -0.041775  -0.058427   0.020811   0.020966   0.089367  
 -0.043567  -0.034687  -0.106932  -0.015115   0.070452  -0.073507  -0.026660   0.050183   0.009486   0.020349  
  0.042088   0.022966  -0.030702  -0.056267   0.058803  -0.008605   0.019060  -0.008726  -0.042177   0.063684  
  0.025706  -0.017469  -0.087804   0.024913   0.045847  -0.031922   0.051752   0.029318   0.041566  -0.018193  
 -0.077112  -0.013112   0.012750  -0.049856   0.002823  -0.003974  -0.077364  -0.006721  -0.029546  -0.015303  
  0.006825   0.016000  -0.047870   0.023358   0.034927   0.024248  -0.052016   0.046566   0.027203   0.006666  
  0.034357  -0.029764   0.019613   0.002966   0.017979   0.013228  -0.059826   0.025385   0.076405  -0.008516  
 -0.068506   0.023564   0.023542   0.055574   0.047653   0.007446   0.027495  -0.037386   0.022010   0.032204  
  0.003300  -0.004311   0.051643   0.012839   0.000889  -0.037770  -0.038529   0.015982  -0.043582   0.013324  
 -0.010722   0.014098  -0.038305  -0.028388   0.030469   0.016406  -0.009177  -0.093393  -0.070413   0.033218  
  0.039410  -0.032375  -0.001140   0.039874   0.052710  -0.019827  -0.005346  -0.083152   0.000352  -0.008857  
  0.001247   0.000714   0.066774  -0.021300   0.017297   0.035378   0.015689   0.005264  -0.064711  -0.018017  
  0.038202   0.012337  -0.079556  -0.012003   0.047872   0.003723   0.054952   0.006500   0.001880  -0.043581  
 -0.036886  -0.020915  -0.009704  -0.052949  -0.009039   0.063575  -0.001140  -0.066679   0.021549   0.015931  
 -0.003037   0.078225   0.033813   0.017691   0.035444  -0.081296   0.008580   0.019541  -0.028858  -0.024487  
  0.016061   0.049158   0.012232   0.024298   0.072665   0.019625  -0.045260   0.040295   0.055584   0.013786  
 -0.030146   0.000386   0.018775   0.022542  -0.021305  -0.017849   0.011215   0.005722  -0.050448   0.001058  
  0.043880  -0.061568   0.026881  -0.060733  -0.039932  -0.076895   0.004767  -0.009056   0.016561  -0.038899  
 -0.041825   0.004326   0.015777   0.025378  -0.018091  -0.032246  -0.029637  -0.055858   0.003238  -0.095987  
  0.050156   0.060976  -0.009677  -0.051669  -0.019714  -0.072732   0.058785   0.024821   0.083168   0.008120  
 -0.003877  -0.056280  -0.009489  -0.058327  -0.043218   0.048277  -0.037897   0.030105  -0.054434  -0.011960  
 -0.066650  -0.020074  -0.031122  -0.028207  -0.030300  -0.050544   0.094381   0.024622   0.037084  -0.045899  
 -0.069652   0.062207  -0.068236  -0.035970   0.073279   0.057767  -0.067423   0.027663   0.120275  -0.068374  
  0.009325  -0.035681  -0.062878  -0.111538   0.029337   0.064144   0.038165   0.052286   0.033709   0.002358  
 -0.067628   0.009437  -0.002092   0.026957   0.029337   0.014134  -0.065583  -0.020281   0.117662   0.049087  
  0.019445  -0.050095   0.117615  -0.031785  -0.053347   0.023547  -0.039270   0.085853  -0.071066   0.002609  
  0.048376  -0.028614   0.026486   0.011832  -0.031825   0.039148  -0.012380   0.020125   0.032354   0.058556  
  0.080670  -0.019814   0.051893   0.018155  -0.085350   0.017455  -0.057737   0.015695   0.001684  -0.002200  
  0.015650  -0.062355  -0.105051   0.056003   0.002340   0.014287   0.078827   0.020379   0.066459  -0.065059  
 -0.015230   0.038747  -0.044330  -0.057364  -0.054745  -0.010097  -0.067696   0.012467  -0.089216   0.007454  
  0.065874   0.078029   0.002649  -0.007450   0.001506  -0.024336  -0.028325   0.018486  -0.066133   0.035199  
  0.060678  -0.013191  -0.046859   0.029514   0.004878   0.045807   0.088937   0.002620   0.063865   0.058696  
  0.021021   0.081491  -0.036057   0.018299   0.039072   0.052811   0.057181   0.047353   0.049665  -0.024011  
 -0.068692   0.030611   0.057817   0.009615   0.007034  -0.026096   0.029171  -0.120558  -0.007833  -0.088992  
 -0.028151   0.005681   0.045553   0.005113  -0.030589   0.015196  -0.010340   0.055732   0.050067  -0.064860  
  0.073360   0.032106   0.039057  -0.019965   0.063687   0.035086   0.050107   0.080619   0.010993   0.012730  
 -0.030714  -0.017662  -0.012086  -0.028999   0.066989  -0.061841  -0.046231  -0.039034   0.038094  -0.040329  
  0.007935  -0.043032   0.000169  -0.020746  -0.012898  -0.048231  -0.060964  -0.025259   0.031825   0.063108  
  0.012617   0.022902   0.044529   0.031905  -0.008217   0.062096  -0.026633  -0.028337  -0.028060  -0.037734  
  0.065427  -0.101047   0.012847   0.027767   0.004312  -0.000749  -0.020894   0.009689   0.007550  -0.019279  
  0.007543  -0.019444  -0.060112  -0.043034  -0.003891   0.026531   0.002918  -0.011840   0.013197   0.024945  
 -0.028901  -0.058290  -0.116300  -0.029653   0.002975  -0.032236  -0.045351  -0.000932  -0.015074  -0.070665  
 -0.029041  -0.003787   0.029413  -0.023445   0.049220  -0.074945  -0.008874  -0.092220   0.021469  -0.042971  
  0.020942  -0.019100  -0.092264   0.033430  -0.049708  -0.063337   0.012729  -0.058866  -0.012762   0.042426  
  0.004434  -0.020611   0.045974   0.001679   0.010202   0.016820  -0.042959  -0.061511   0.040025   0.076818  
  0.076308  -0.055321   0.054257   0.047283  -0.033678  -0.007337   0.061516  -0.082153   0.011085  -0.011733  
  0.056227  -0.021578  -0.073203   0.007861   0.031735   0.074869   0.045648  -0.014375  -0.065651  -0.046650  
 -0.082327   0.021317   0.047010  -0.026259  -0.049211  -0.010528   0.071244  -0.036740   0.027831   0.007859  
 -0.063874  -0.013313   0.048016   0.018036   0.002264  -0.023642   0.069694  -0.032858  -0.002412  -0.013335  
  0.082723   0.049545   0.041840  -0.029432   0.054389   0.062481  -0.128903   0.009967  -0.005556  -0.057599  
  0.033476   0.006942  -0.038137  -0.032550  -0.058595  -0.008690   0.062877   0.035420   0.058526   0.054045  
  0.062021  -0.008507  -0.007557   0.078094   0.092854   0.054985   0.002759  -0.008702   0.005194  -0.002725  
  0.009215  -0.059497  -0.009693  -0.039585   0.038413  -0.036102   0.005346   0.032378  -0.052922   0.017742  
  0.045560   0.006141   0.013529   0.057131  -0.058906  -0.030172  -0.027150  -0.010244   0.012217   0.055960  
  0.045110   0.029288   0.113970  -0.016416  -0.036693  -0.041614   0.031679  -0.037734   0.018875   0.016179  
 -0.023977   0.066100  -0.053998  -0.086742  -0.005699   0.027861  -0.021381  -0.060297   0.007467  -0.016149  
 -0.065213   0.058056  -0.061381   0.004657  -0.021583  -0.023062   0.013811  -0.009019  -0.070367   0.002343  
  0.022259   0.046426   0.035050   0.107240   0.014450  -0.039238  -0.065943   0.034528  -0.022250   0.030053  
  0.008144  -0.059079   0.025366  -0.055301  -0.034622   0.021565   0.014024  -0.016528   0.000133  -0.066686  
 -0.010141   0.017522   0.064330   0.043144   0.001838  -0.014390  -0.055591   0.022250  -0.013352   0.012712  
  0.041121   0.028272   0.026153   0.054589  -0.055814   0.069899   0.057790   0.036167  -0.038083  -0.038593  
 -0.069919  -0.009047   0.046784  -0.002955   0.023655  -0.027234   0.005798  -0.059705  -0.021496  -0.003430  
  0.064319  -0.040851   0.019788  -0.086906   0.051715   0.016322  -0.074083   0.015450  -0.057424  -0.038145  
 -0.045463   0.048868   0.008493   0.059568   0.030427   0.027023  -0.015832  -0.079924   0.018050   0.013750  
  0.022767  -0.100262   0.012227   0.018617  -0.078803  -0.016285  -0.020093   0.060474  -0.002572  -0.015530  
 -0.000202  -0.061264  -0.072025  -0.033273  -0.030383   0.032792   0.037358  -0.009147  -0.081769   0.002752  
 -0.005631   0.023163   0.031331  -0.054957   0.041343   0.001732   0.039568  -0.058155  -0.067527   0.028105  
 -0.003258   0.136116   0.001259   0.026426  -0.044104  -0.089866  -0.031870  -0.112435  -0.005235  -0.099567  
  0.046420   0.001318   0.046495   0.065293   0.006324   0.078082  -0.044773  -0.075540   0.096952   0.025683  
 -0.025646   0.016240  -0.023600   0.054813  -0.015926  -0.009522  -0.024444  -0.019643   0.031108   0.010833  
  0.008236  -0.035314  -0.045320  -0.074679   0.015882  -0.037123   0.006901   0.032618  -0.049167   0.019786  
 -0.027007  -0.028530   0.035875   0.002596   0.031102  -0.009617   0.043107   0.012319   0.045848  -0.015957  
 -0.099275   0.010875  -0.012091  -0.038290   0.011590   0.041326  -0.028800  -0.010537  -0.015589  -0.067057  
  0.040126  -0.086973   0.024313  -0.036049  -0.027139   0.043133  -0.087134  -0.018435   0.034701  -0.039648  
  0.015857  -0.001029  -0.012081  -0.077143  -0.045427  -0.069069   0.071306  -0.048112   0.003709   0.079725  
  0.013518  -0.031388   0.002509  -0.014632   0.011106  -0.005540   0.045607  -0.012757  -0.001623  -0.038264  
 -0.027557   0.080750   0.022957   0.030311  -0.042018   0.110786   0.089684  -0.037546  -0.026898  -0.003598  
  0.010144   0.059522  -0.104204  -0.020346  -0.017384  -0.019818  -0.019083  -0.083484   0.090922  -0.011499  
 -0.034240  -0.033369  -0.009345   0.132307   0.017159  -0.023160  -0.039013   0.040453   0.072588   0.003185  
  0.099951  -0.004774  -0.040024   0.017430  -0.008977  -0.053022  -0.028526   0.008135  -0.005793  -0.093544  
 -0.033115   0.086854   0.010616  -0.057361   0.018057   0.001485   0.008760  -0.025154   0.020492   0.061847  
 -0.017148   0.013194  -0.036520  -0.035349  -0.059904   0.030905  -0.000077  -0.013129   0.058568   0.061253  
  0.113741   0.048673  -0.012907   0.006937  -0.025096   0.010120  -0.011027  -0.017275  -0.090832   0.030684  
  0.038489   0.113858   0.085906  -0.016387  -0.043587   0.026919   0.079164  -0.020310  -0.048649  -0.014289  
  0.005470   0.078850   0.012941   0.041625   0.018319  -0.061358   0.032246   0.018472   0.020315  -0.012959  
  0.081839   0.047914   0.117917   0.000585  -0.050902  -0.015690  -0.020359   0.004619  -0.006657  -0.011092  
  0.017213  -0.033691   0.010495   0.112582  -0.040480  -0.014063   0.119890  -0.043833   0.050988   0.032204  
  0.004399  -0.059472  -0.084894   0.068725  -0.058602   0.021911   0.025392   0.021015  -0.001661  -0.044690  
 -0.074031  -0.000466  -0.063113   0.034798   0.013397   0.022411  -0.057053  -0.019667  -0.022107   0.047536  
  0.052951   0.001224  -0.016227   0.003584   0.039697  -0.057912  -0.004533  -0.034502  -0.063714  -0.083607  
 -0.033884   0.026957   0.038562   0.060160  -0.052892  -0.051679  -0.081184   0.056120  -0.070427  -0.039249  
 -0.012812   0.000542   0.078703  -0.063559   0.031389  -0.015546   0.060711  -0.027362  -0.024888   0.007041  
  0.047072  -0.018718  -0.026365  -0.034312   0.021880   0.078020  -0.058294  -0.044542   0.009728   0.086262  
 -0.066330  -0.090592  -0.020200   0.068442  -0.068241   0.062925   0.012943   0.063030  -0.083552   0.027078  
 -0.122286   0.040331   0.066843   0.042660   0.052692   0.023766   0.006748  -0.022949  -0.055804   0.005525  
 -0.022396   0.057646  -0.038759   0.066073   0.091537   0.012360   0.054738   0.031750  -0.028715   0.038694  
 -0.034204  -0.050709   0.018698  -0.018788   0.034596  -0.022267  -0.043349  -0.011941   0.058663  -0.004961  
  0.019197   0.015888   0.027342   0.087978   0.049762   0.062903  -0.037958   0.043094  -0.085332   0.090683  
 -0.026661   0.034214   0.045394  -0.060003   0.063246   0.075140   0.033560   0.015390  -0.058753   0.031025  
  0.013032   0.031010  -0.014273   0.012472   0.007563   0.014360  -0.022815   0.007941   0.005401   0.023337  
  0.020803  -0.010943  -0.014752  -0.082641   0.045711   0.003902   0.018334  -0.017319   0.021391  -0.090909  
  0.052201  -0.058961  -0.041185  -0.004532   0.095224  -0.015194   0.042756  -0.101749   0.004450  -0.074302  
  0.056398  -0.019983  -0.015792  -0.005071   0.036171  -0.038389  -0.029488   0.027256   0.033325   0.040818  
  0.036761  -0.047589   0.024359  -0.029532  -0.010951   0.103850   0.004368  -0.032164  -0.006080  -0.003944  
  0.030546  -0.046708  -0.022180   0.004903  -0.040717   0.002125  -0.038719   0.018037  -0.068108  -0.021127  
 -0.001939  -0.064463   0.045452  -0.016620  -0.034065   0.042780   0.020004  -0.011636   0.028766  -0.101343  
 -0.032738   0.019872  -0.019308  -0.086384  -0.017462   0.031146   0.059009   0.031608  -0.021056  -0.055077  
  0.022941  -0.002456  -0.013653  -0.022859   0.039159   0.013983   0.019678  -0.036393   0.014854  -0.005281  
 -0.079679  -0.035997  -0.059199   0.077501  -0.020110  -0.021424  -0.044270  -0.033092  -0.002441  -0.012393  
  0.027399   0.050527  -0.100021  -0.036946  -0.088379   0.031291   0.009902  -0.011849   0.014467   0.036243  
 -0.053874   0.005087   0.037992   0.012815   0.007904   0.063757  -0.013070  -0.014521   0.067167   0.063635  
 -0.073085   0.058025  -0.000618   0.029196  -0.064148  -0.017720   0.001067  -0.004140   0.021610   0.025753  
 -0.068278   0.041143  -0.036519   0.027827  -0.064731  -0.046188  -0.003674  -0.041574  -0.104432  -0.034134  
 -0.014796  -0.085032   0.000707   0.089674   0.060564   0.014806   0.006057  -0.068826  -0.069473  -0.003707  
  0.040038  -0.038858   0.004323  -0.051413  -0.034313   0.013295   0.022187   0.139058   0.043335  -0.038376  
 -0.106414  -0.030567  -0.037877  -0.009654  -0.036097   0.020087  -0.005329   0.014137   0.027953   0.001009  
 -0.019095   0.038276   0.038457  -0.057912  -0.032114   0.137356   0.094788  -0.044616   0.023423   0.035087  
  0.010425   0.075204  -0.045386   0.078045  -0.060624   0.068463   0.010517  -0.049773   0.004723  -0.037887  
 -0.060557  -0.013791  -0.011077  -0.029198   0.042957   0.032528   0.007768   0.009545   0.008545  -0.047523  
  0.111559   0.050448  -0.031762   0.020513   0.072301   0.030873  -0.065672  -0.016920   0.069046   0.034399  
 -0.023263   0.023118   0.013587  -0.059199   0.009166   0.055711  -0.004641   0.023208  -0.092547  -0.054792  
 -0.037696  -0.001805  -0.003906  -0.092682  -0.009212   0.013317  -0.031090   0.025984  -0.056724  -0.052765  
  0.068239   0.059450   0.119188   0.032151   0.010475  -0.048751  -0.018554  -0.003780   0.024782  -0.044940  
  0.029948   0.045550   0.043758   0.014660   0.029130  -0.038976  -0.000047   0.026172  -0.027713  -0.031617  
  0.030897  -0.018211  -0.064993  -0.004665   0.037612   0.006265  -0.041435   0.058543  -0.123520   0.034019  
  0.048899  -0.022739  -0.077723  -0.029125   0.035976  -0.070506   0.028959  -0.022921   0.046868  -0.006330  
 -0.006123  -0.026430  -0.069693  -0.015067   0.017922  -0.017595   0.031874  -0.018203   0.012630  -0.034096  
 -0.007517  -0.035365  -0.008076  -0.153895  -0.037749   0.024237  -0.097134   0.027319   0.004174  -0.022063  
 -0.039683   0.085632  -0.001454  -0.014816   0.029494  -0.008891   0.015958   0.040244  -0.046229  -0.028072  
 -0.067906   0.061960   0.003553  -0.022281   0.038475  -0.018558   0.099804  -0.036666  -0.001873  -0.017779  
 -0.040883   0.016898  -0.047553  -0.045601   0.063402   0.032704   0.085196  -0.068212   0.003510  -0.050293  
  0.025263  -0.008655   0.023714  -0.010579   0.100562  -0.024263  -0.001255  -0.060588  -0.012708  -0.003858  
  0.015019   0.030695   0.035799  -0.024297  -0.052114  -0.034802   0.026627   0.059941  -0.015037  -0.101712  
  0.034123  -0.029075   0.051129  -0.008833   0.024945  -0.047514  -0.066244   0.012529  -0.074509   0.100050  
 -0.051661  -0.016471  -0.053808  -0.002669  -0.071648   0.031898  -0.050865   0.022289  -0.015823   0.120564  
  0.010496  -0.028873   0.054508  -0.093145  -0.000603   0.000013  -0.115127   0.012717   0.014916  -0.063791  
 -0.001115  -0.023026  -0.027824  -0.055941  -0.033544   0.072634  -0.013674  -0.096970  -0.014308  -0.023780  
 -0.086554   0.027329   0.035201  -0.031818  -0.000831  -0.055115   0.017575   0.042952  -0.035768  -0.003277  
  0.008195  -0.039442   0.059026   0.041115   0.007848   0.019016   0.012386  -0.060767   0.017053  -0.044680  
 -0.017456  -0.051360  -0.011226  -0.054304   0.010558   0.041443  -0.010432   0.057920  -0.058834  -0.024334  
  0.070279   0.010148   0.018817  -0.005660  -0.061190  -0.020964  -0.059613  -0.033610   0.021033  -0.012293  
 -0.073687  -0.018068   0.029257   0.001293   0.025867   0.036236   0.007249   0.048392  -0.017859   0.009026  
  0.031166  -0.002185  -0.068832  -0.050250  -0.021554   0.012476   0.020846   0.010080   0.007904  -0.015383  
  0.003214   0.022232   0.054605  -0.047196   0.046274  -0.026881   0.048981  -0.038104   0.032137  -0.006261  
  0.065647  -0.043865  -0.010283  -0.061780  -0.001476   0.015217  -0.034991   0.038104   0.064420  -0.056907  
  0.054052  -0.027936   0.025362  -0.047563   0.076833   0.007450   0.002317   0.019641  -0.038726  -0.045795  
 -0.001300   0.016731   0.032019   0.014850   0.097577  -0.061079  -0.018659  -0.025179  -0.032546   0.015088  
  0.028709  -0.023592   0.014072   0.032990   0.021521  -0.066740   0.053811  -0.055590  -0.006578  -0.013472  
 -0.003068  -0.020751   0.007255  -0.071591   0.044903   0.065580   0.045594  -0.009188  -0.045159   0.057923  
  0.014198   0.000755  -0.034368   0.018988  -0.004714  -0.002021   0.037817   0.094501  -0.022810  -0.017893  
  0.008842   0.015090   0.057905  -0.035842  -0.022593  -0.010088   0.019419  -0.001880  -0.078902  -0.050635  
 -0.032660  -0.083514   0.033451   0.060451   0.005794  -0.050382   0.039892   0.008542   0.010713  -0.029401  
  0.064070   0.097824   0.037446  -0.057409   0.036698   0.006871  -0.054364   0.000596   0.072270  -0.001113  
 -0.041315  -0.042316  -0.001322   0.041582   0.042814  -0.055442   0.009725   0.005115   0.073431   0.064133  
  0.050254  -0.052955   0.008041   0.029346   0.020649  -0.100205   0.048270   0.027674   0.004999  -0.009342  
 -0.024575   0.062860   0.038589  -0.079742   0.010302   0.003344   0.026474   0.018154   0.039162   0.068969  
  0.043249   0.039594  -0.034748   0.053462  -0.011648  -0.012189  -0.034133   0.026609  -0.016947  -0.005697  
  0.020034   0.025159   0.008383   0.036394   0.087216  -0.031024  -0.019653  -0.102371  -0.010348   0.021221  
  0.046784   0.044842  -0.021744   0.060254   0.035690   0.014156  -0.102894   0.026295  -0.043061   0.046562  
  0.004291  -0.017197  -0.074607  -0.022927   0.060010  -0.023587   0.023338   0.015716   0.065198  -0.017986  
 -0.081365   0.071615   0.000212   0.026470  -0.076640   0.068046   0.031577   0.007912   0.137048   0.031956  
 -0.069785  -0.063518  -0.060679   0.000470  -0.017090  -0.079824   0.152014   0.040504  -0.059838   0.042951  
  0.085008   0.024277   0.023994  -0.029913  -0.001819   0.023664  -0.036503  -0.032305   0.019062   0.063653  
  0.035144  -0.015706   0.023800   0.049440   0.021721   0.003807   0.022179   0.003219  -0.029361   0.099284  
  0.013528  -0.012955  -0.024713   0.082660   0.109732  -0.060130   0.012268  -0.015394  -0.056483   0.020342  
 -0.073678   0.013297  -0.044477   0.051924   0.003456   0.031219   0.032522  -0.009226  -0.002733  -0.021491  
  0.005528   0.033351  -0.057637   0.007157  -0.083750   0.034836   0.029496   0.008793  -0.045022   0.038575  
  0.010709  -0.015074   0.022735  -0.060436  -0.012158   0.015677  -0.054148   0.016291  -0.057677  -0.058742  
  0.037613   0.000810   0.010079   0.004219  -0.041181   0.028960  -0.064425  -0.032892  -0.001129   0.000805  
 -0.054637   0.044439   0.119267   0.031266  -0.028227  -0.056489   0.056669  -0.014570  -0.004874   0.015387  
 -0.026663   0.076914   0.039151   0.029266  -0.059282   0.068401  -0.000739  -0.023065   0.019099   0.030391  
 -0.033564  -0.024156   0.006935  -0.071621   0.077479   0.031651   0.024749  -0.049026  -0.015826   0.036818  
