  0.057911   0.063346  -0.014149   0.013679  -0.112106  -0.020330  -0.038530  -0.030735  -0.024920  -0.009466  
  0.038755   0.045409   0.025941  -0.061526  -0.026949   0.052286  -0.006762  -0.016008  -0.020383   0.026478  
 -0.001238   0.018855  -0.063611  -0.025655  -0.038692   0.066264  -0.086374   0.056561   0.014017   0.009244  
  0.018951  -0.007494   0.020370   0.006666   0.023454  -0.029047  -0.018297   0.027242   0.012963   0.009073  
  0.029894   0.044089   0.011949  -0.046522   0.045574  -0.023024  -0.069143   0.013083   0.006387  -0.014745  
 -0.041721   0.017843   0.023801  -0.039160   0.063410  -0.009311   0.043231  -0.073897   0.003625   0.050281  
  0.064923   0.012566  -0.017225  -0.047727   0.061517   0.041008  -0.037091  -0.085112  -0.004829  -0.024037  
  0.045230   0.059838   0.004749  -0.073188  -0.065943   0.052146   0.019869   0.029223   0.092026  -0.029942  
 -0.043195  -0.058566   0.009088  -0.014500  -0.019062  -0.012944  -0.060066  -0.001923   0.027726  -0.031192  
 -0.039391  -0.032760  -0.019878   0.081636  -0.060025   0.067343   0.028510   0.018146   0.066184   0.030570  
 -0.035610   0.141561  -0.023098  -0.002720  -0.107510   0.064432  -0.049575   0.097446  -0.099262   0.080634  
  0.038669  -0.066812  -0.044563  -0.062909  -0.010883  -0.010834  -0.058291  -0.010532   0.034421  -0.000465  
  0.065825  -0.023870  -0.020362   0.009854  -0.024327   0.012196   0.094612   0.012031   0.000503  -0.010078  
  0.046578  -0.010800   0.045779  -0.042051  -0.023762  -0.067132   0.019431  -0.049252  -0.008274  -0.009040  
  0.055858  -0.022992  -0.067644   0.053572  -0.095105   0.032065   0.038065  -0.063733   0.061617  -0.010720  
 -0.006101  -0.003032   0.076094  -0.028102  -0.004121  -0.018316   0.043704  -0.049164  -0.000400   0.045063  
  0.054708  -0.052460   0.057182   0.054524  -0.012071  -0.019890   0.060041  -0.021583  -0.027985   0.027243  
  0.028708  -0.073865  -0.046761  -0.098957  -0.019590   0.025102   0.046952  -0.031455   0.004578  -0.015512  
 -0.043346   0.023092  -0.079445   0.001607  -0.021037   0.025474  -0.046897  -0.002661  -0.015101   0.002299  
 -0.034704   0.059156   0.009651   0.050718   0.014857   0.077620   0.020912  -0.009853  -0.078332  -0.048312  
  0.008331  -0.014585  -0.080202   0.035692   0.057235   0.023231   0.060824  -0.015855  -0.030554   0.001836  
 -0.038923   0.016191   0.031181   0.034016   0.033236   0.031422   0.068397  -0.013283  -0.079307   0.006755  
 -0.037962   0.053478  -0.121278   0.032367   0.028453  -0.047544   0.011100  -0.063394   0.005450   0.067503  
 -0.049732   0.015258  -0.029325  -0.036917   0.103684   0.041705   0.004205  -0.085645   0.096525  -0.012858  
 -0.004068  -0.043912   0.044542  -0.031323  -0.025953   0.081451   0.019820  -0.049518   0.024672   0.032009  
  0.033056   0.036870   0.011795   0.020607  -0.022655   0.070239   0.029610   0.005300  -0.070238  -0.024687  
 -0.032165   0.054894  -0.036097  -0.055811   0.024361   0.032773   0.011858   0.009952  -0.041693   0.007053  
  0.003772  -0.074135   0.001106   0.047522   0.119976   0.023322  -0.014433  -0.042947  -0.022121  -0.035954  
  0.020242  -0.010484   0.033922  -0.035216  -0.114430  -0.027057   0.033924  -0.025663   0.019880   0.054148  
  0.019597   0.066189   0.022539   0.029111   0.123015   0.061405   0.003130   0.036866   0.049642  -0.040777  
 -0.033148  -0.012297  -0.042149   0.007573   0.044058  -0.031014  -0.031008   0.006764   0.000194  -0.060835  
 -0.048564  -0.080743  -0.024779   0.027660   0.012486  -0.039575   0.025737   0.012194  -0.037210   0.022144  
  0.020073  -0.017671  -0.016341  -0.081499   0.066255   0.033716   0.009993  -0.003974  -0.033812   0.032446  
  0.023726   0.055044   0.061667  -0.077093  -0.019885   0.087032   0.013875   0.065265  -0.013143  -0.042314  
  0.040947  -0.093175   0.072783  -0.066761  -0.045743   0.082415  -0.046462  -0.015953   0.065423  -0.041699  
 -0.068409  -0.005311   0.034408  -0.001633   0.012870  -0.007717   0.006154  -0.038762  -0.038137   0.007327  
  0.015529  -0.004159   0.027139  -0.031823  -0.038122   0.065487  -0.029853   0.002966  -0.141069   0.010095  
  0.010141  -0.010680  -0.035242  -0.020149  -0.059606  -0.015835   0.065147   0.177404   0.010887   0.058213  
  0.065278  -0.061854  -0.000190  -0.006119  -0.049192   0.048153   0.168562   0.025637  -0.002870   0.108024  
  0.009090  -0.019082  -0.000044  -0.002043   0.040395   0.002522  -0.000553   0.023918  -0.001160   0.065501  
  0.037632  -0.032381   0.019297   0.014927  -0.008965   0.003980   0.009921  -0.006110  -0.123900  -0.085114  
  0.099365   0.025106  -0.040636  -0.024215  -0.025933   0.049748   0.012363  -0.077541  -0.040899   0.021853  
 -0.091555  -0.094746   0.028274   0.024815   0.088724  -0.065597  -0.010238   0.048241  -0.042936   0.067258  
 -0.001542   0.040451   0.077706   0.013867  -0.006958  -0.033777  -0.054657  -0.043944  -0.056449   0.040084  
 -0.060469   0.020012  -0.043897  -0.026158  -0.033652   0.002152   0.007246   0.052385  -0.021228  -0.070442  
 -0.030323   0.025706  -0.014960  -0.001798  -0.067980  -0.060525  -0.016673  -0.099607   0.041322   0.021023  
 -0.043115  -0.007516   0.068930   0.005872  -0.041397  -0.040988   0.034261  -0.040822   0.037105  -0.014459  
 -0.003618   0.066102   0.068925   0.004803   0.021238  -0.027908  -0.038722   0.045296   0.004154  -0.057707  
  0.029624  -0.011716   0.011370  -0.028761   0.039442  -0.012589  -0.015377  -0.106657   0.004010  -0.081612  
  0.021677   0.022105  -0.008745  -0.010114   0.019324   0.072793   0.120057   0.027111  -0.052794  -0.042263  
  0.007256   0.000471   0.034402   0.072232  -0.000385  -0.012937  -0.012819  -0.057172   0.001837   0.019526  
  0.033548   0.028532   0.028374  -0.025885   0.013137  -0.025168   0.066276  -0.096689  -0.022454  -0.062775  
 -0.042408   0.031818  -0.028336  -0.043816   0.027081   0.055123  -0.019111   0.013994   0.006252   0.052041  
  0.007163  -0.033976  -0.023243  -0.093827   0.022130   0.045407   0.042388  -0.004310  -0.008558   0.026641  
 -0.058573  -0.031746   0.047059   0.076529  -0.027013  -0.025265  -0.017715   0.040097  -0.058653  -0.056510  
 -0.042230  -0.017897  -0.032608  -0.050304   0.011318   0.047700  -0.002472   0.004496   0.052834  -0.053672  
 -0.018913  -0.041035  -0.059720   0.048680  -0.072871   0.012279   0.018988  -0.061631   0.016721   0.003457  
 -0.039644  -0.008300   0.018933   0.021120  -0.104377  -0.033542  -0.003469  -0.043959  -0.026949  -0.045349  
  0.000721   0.017519  -0.048520   0.012114   0.016502  -0.039776  -0.016185   0.011548   0.082867   0.000839  
  0.037151  -0.063303   0.037648   0.067696  -0.063747  -0.004035  -0.026254  -0.051878   0.032777   0.024179  
 -0.019496  -0.008568   0.003288  -0.004783   0.023176  -0.024221  -0.006665   0.026983  -0.012634  -0.030648  
  0.081435  -0.038435  -0.005228  -0.071004  -0.098327  -0.049352  -0.002764  -0.021167   0.033859  -0.060394  
 -0.054709  -0.000971  -0.035793   0.009636  -0.115914   0.108182  -0.068566   0.056849  -0.006023  -0.015898  
  0.020604   0.013524   0.022602   0.002486  -0.009138  -0.033642  -0.056035   0.084369  -0.006224   0.021115  
 -0.030572  -0.084563   0.024318   0.006014  -0.022597  -0.054363   0.046421  -0.044635   0.003902  -0.022972  
 -0.063106   0.022649   0.018328   0.068763   0.042333   0.047386   0.001735  -0.073470   0.030670   0.025077  
 -0.007767  -0.015466  -0.025440   0.065600   0.004400  -0.027206  -0.023815  -0.007456  -0.025908   0.010308  
  0.085669  -0.055014  -0.064870   0.001634   0.064092  -0.016635   0.023433   0.012029  -0.052447   0.043663  
 -0.001851  -0.037068  -0.008708   0.026933   0.031020   0.013482  -0.019829  -0.021431   0.004367   0.075178  
  0.045597   0.125104   0.026411  -0.039178  -0.061897   0.034518   0.025967   0.012291  -0.021108   0.005312  
 -0.041548   0.055767   0.000952  -0.018089   0.010381  -0.001037   0.011951  -0.038114   0.037253   0.003333  
  0.055943   0.012939  -0.053291   0.013261   0.070022   0.058259   0.069962  -0.021246  -0.019684  -0.011219  
  0.032059  -0.000924   0.042422   0.056001  -0.046185   0.026946   0.070723   0.026063   0.021542   0.005269  
 -0.013170   0.133067  -0.131188   0.039991  -0.003395   0.115119   0.024472   0.004294  -0.001777   0.011859  
 -0.031170  -0.034863  -0.098351   0.000662   0.010855   0.017783  -0.023160   0.005833  -0.028806  -0.005173  
  0.048470   0.027887  -0.006439   0.112993  -0.096097   0.029972  -0.019481   0.094352   0.074331   0.027416  
  0.078877  -0.010214   0.042923  -0.007678   0.009726   0.008658   0.022214   0.072313   0.007958  -0.017747  
 -0.027131   0.034982  -0.036746  -0.037681  -0.075584   0.038260  -0.026996  -0.031521   0.005914   0.117644  
 -0.029058  -0.028698   0.023349   0.002782  -0.100643   0.079321   0.013764  -0.068051  -0.035283  -0.134911  
 -0.041931   0.020442   0.054896  -0.016468   0.016065   0.031447   0.017715  -0.002967   0.041735  -0.026687  
 -0.009736   0.015885  -0.017730  -0.032116  -0.028001  -0.031371  -0.045273   0.034387   0.021179  -0.034419  
  0.057946   0.035750  -0.047132   0.053522   0.107665  -0.029641   0.046678   0.008348  -0.057406  -0.064482  
  0.059164   0.006315   0.095531   0.043327   0.006177  -0.040170  -0.054746  -0.074645  -0.021195  -0.075524  
 -0.060259  -0.051202  -0.032194  -0.058667   0.001163   0.033427  -0.078491   0.024467  -0.027044  -0.000801  
  0.007225  -0.006802  -0.014846   0.042494  -0.123952   0.017874   0.054229  -0.027547  -0.032707  -0.013115  
  0.065835  -0.014404  -0.002167  -0.019323  -0.021600   0.091230   0.013524  -0.051147   0.008985  -0.080821  
 -0.007099  -0.115382  -0.011198  -0.013584  -0.015547   0.024496  -0.105981   0.054392   0.026037   0.036454  
  0.054311   0.024251   0.046232   0.073735   0.032949   0.022376   0.030226   0.035700  -0.004791   0.018152  
  0.010676   0.089029   0.023559   0.010731   0.044214  -0.006965  -0.012942  -0.000568  -0.046880  -0.026457  
  0.004402  -0.102468  -0.000219   0.027076  -0.008588   0.018381  -0.012182   0.035383  -0.040554  -0.002503  
  0.025264   0.049911   0.052078  -0.109671  -0.040965   0.071582   0.055296  -0.032100  -0.086585   0.047477  
  0.024086   0.063686   0.006332  -0.028036   0.030246  -0.050661   0.044401   0.033183   0.009384  -0.071944  
  0.094299  -0.026156   0.042013   0.070858  -0.016079   0.024099  -0.038823   0.004824   0.035983   0.062714  
 -0.047741   0.032480  -0.048620   0.002024  -0.031414  -0.008559  -0.006792  -0.009080  -0.003032   0.009224  
  0.001648  -0.068018  -0.008569  -0.025146   0.023371   0.021115  -0.020259   0.098222   0.044718  -0.078968  
  0.033012  -0.029085   0.009795   0.015372   0.030637   0.004033   0.028224   0.023956   0.021887  -0.019207  
  0.029835   0.045201   0.033671   0.005317   0.063717   0.011863   0.035106   0.081322  -0.014020   0.045124  
  0.000266   0.006855  -0.033828   0.048374  -0.017561   0.054403   0.039352   0.039091   0.044819  -0.049289  
  0.099434  -0.012069   0.069689   0.057473   0.054233  -0.062441   0.032740   0.064019  -0.076446   0.002159  
 -0.019260  -0.017293   0.043916  -0.048947  -0.066011   0.034627   0.016520   0.017737  -0.000736  -0.068980  
  0.017991  -0.001789   0.005902   0.027073  -0.014853  -0.083776  -0.019656  -0.030294   0.015285   0.023530  
  0.061328  -0.010922  -0.009492   0.032384   0.005407  -0.062757   0.018958  -0.004407   0.001075  -0.029213  
  0.032620   0.021558   0.063359  -0.036019   0.028363   0.058178   0.062920   0.011800   0.000994  -0.102724  
 -0.032745  -0.024078  -0.046958  -0.037058   0.074023   0.050287  -0.040014   0.115890   0.033942   0.021674  
  0.031592   0.038997  -0.004705   0.091600  -0.044981  -0.034215  -0.005879  -0.004351   0.003794   0.008359  
  0.004878  -0.014856   0.017033  -0.039759  -0.019610  -0.024364   0.100866   0.024520  -0.033840   0.081865  
 -0.012615   0.032677   0.070246   0.012212  -0.047188   0.048740  -0.057261   0.001393  -0.004332  -0.052785  
  0.019174  -0.024121   0.044618  -0.042106   0.027151   0.001672  -0.037984  -0.021198  -0.016732  -0.018936  
  0.010508   0.015589  -0.068792  -0.072375  -0.024033  -0.042362  -0.021734  -0.023579  -0.019308  -0.035726  
 -0.004351  -0.009421  -0.042505   0.050965   0.038876  -0.076115  -0.059064  -0.057029   0.002741  -0.005693  
 -0.125585  -0.056427   0.022797   0.054184   0.053445   0.059551   0.078466  -0.091329  -0.022013  -0.038325  
 -0.014706   0.019581   0.023067  -0.057815   0.043482   0.001568   0.066747   0.061064   0.027323   0.041135  
 -0.043771   0.011622   0.014267   0.070351   0.047454   0.042065  -0.020364  -0.027729   0.028696  -0.019127  
 -0.051336  -0.024695   0.031234   0.040856  -0.048527  -0.012186   0.077062   0.059014  -0.067809   0.076440  
 -0.084530  -0.020032  -0.040724   0.024797  -0.052704  -0.004477   0.038931   0.027198  -0.096133   0.001847  
  0.013344  -0.018297   0.096277   0.075930  -0.094250  -0.061706   0.030922   0.021112  -0.030794  -0.046733  
 -0.058174   0.045157   0.047800  -0.030733   0.028031   0.046250   0.041514   0.052711  -0.025844   0.028605  
  0.088956   0.037674  -0.015729  -0.061537  -0.019275   0.024919   0.061938  -0.003682   0.036467   0.015904  
  0.044374   0.005005  -0.029648  -0.004689  -0.012100   0.072005  -0.118187   0.002099  -0.034446  -0.011616  
  0.083940  -0.099650   0.071765   0.021513  -0.056138  -0.029726  -0.025830  -0.018847  -0.059347   0.045143  
 -0.016344   0.022106  -0.042652   0.077898   0.064929  -0.020154  -0.065802  -0.001804   0.017170   0.045377  
  0.044155   0.063367  -0.002014  -0.003565   0.015459  -0.036060  -0.039090   0.018941  -0.067815   0.055730  
  0.063229   0.008550   0.021100  -0.021558  -0.021765   0.026295   0.011673   0.020236   0.098437  -0.014200  
  0.039610  -0.011727   0.048026  -0.026546  -0.009721   0.025627   0.006428   0.030853  -0.021401  -0.073598  
 -0.014503  -0.091294  -0.037431  -0.068990   0.058436  -0.010274  -0.006461  -0.079323   0.004057   0.051853  
 -0.025668   0.067657  -0.005285   0.009186   0.015189   0.016497   0.024664   0.098295  -0.009779  -0.051654  
 -0.012550  -0.007513  -0.034653  -0.009150   0.008195   0.099071   0.013492  -0.072663  -0.035515  -0.094490  
 -0.117925   0.033331   0.024710  -0.032658  -0.080380  -0.034231  -0.005201   0.036725  -0.009474  -0.030307  
  0.022131   0.022617   0.011155  -0.053473   0.004426  -0.000088   0.034015  -0.037018   0.018109   0.072350  
  0.104409   0.081404  -0.000665  -0.040498   0.038745   0.001680   0.034001  -0.004765   0.034347   0.033505  
  0.024034   0.004235  -0.016801  -0.023421  -0.080668  -0.109534   0.066646   0.062842   0.027758   0.003693  
 -0.122796  -0.118389   0.007080   0.023405  -0.079871  -0.068577   0.010516   0.023068  -0.009642   0.001507  
  0.017822   0.024581   0.115641   0.047173   0.021444   0.000710  -0.063909   0.009319   0.038244  -0.010255  
  0.066620  -0.027276   0.063949  -0.026117  -0.046384   0.019527   0.002659  -0.043955  -0.048995  -0.015945  
 -0.006879   0.059033   0.039591  -0.046205  -0.064830   0.036039   0.027326  -0.028595   0.036821   0.045007  
  0.017306   0.022428   0.030573  -0.011343   0.034621   0.050439   0.026868  -0.024745   0.027462   0.048086  
 -0.021160  -0.002301  -0.024251   0.033235   0.081444   0.081870  -0.057143   0.012794  -0.000858   0.012882  
  0.041251  -0.002130  -0.015805  -0.004602  -0.032778  -0.021525  -0.082668  -0.053601  -0.018886   0.052218  
 -0.020411   0.026321   0.010723   0.027791  -0.018540  -0.005541  -0.032917  -0.006744   0.044995   0.051418  
 -0.007449  -0.030023  -0.003451  -0.081616  -0.044646   0.115119  -0.043165  -0.021136  -0.057515   0.017614  
 -0.015450   0.016983   0.027865   0.001824   0.050648   0.028138  -0.100399  -0.040560  -0.001883   0.043537  
 -0.060829  -0.017765   0.057643  -0.003014  -0.021612   0.021282  -0.022482   0.008520  -0.004811   0.111298  
  0.050142  -0.007398  -0.072418  -0.045632  -0.043357  -0.047479  -0.104298   0.017272   0.029087  -0.070315  
  0.060497  -0.004414  -0.023897   0.005314   0.009004  -0.028679  -0.003040   0.065359  -0.035188   0.071074  
  0.032015  -0.025267  -0.048744   0.025909   0.032674   0.002100   0.038604   0.056332   0.038420  -0.063785  
 -0.006076   0.035239   0.009788  -0.003293   0.082694   0.040994  -0.006174   0.016597   0.079462   0.015833  
  0.021975   0.003465   0.053551  -0.004686  -0.017312  -0.007909   0.052922  -0.029045   0.053203   0.000780  
  0.044577   0.039029   0.027712   0.056078   0.020525  -0.017035   0.037254  -0.093200   0.052182   0.029136  
  0.012405   0.025717  -0.021118  -0.015862  -0.024051   0.039850  -0.042573  -0.052113  -0.032682   0.036471  
 -0.054365   0.033775  -0.051133  -0.047173   0.029021   0.022228  -0.025572  -0.041534  -0.008067  -0.025720  
 -0.025547  -0.022794   0.041076  -0.019228   0.015461  -0.000006   0.054654   0.043957  -0.108991   0.035597  
 -0.030085   0.048132  -0.002432  -0.045892   0.023971   0.077468   0.042575   0.046242   0.031538  -0.051966  
 -0.020713   0.054897   0.029844   0.019419   0.016173   0.002425   0.013306  -0.004628  -0.040962  -0.050281  
 -0.043308   0.016481  -0.004309   0.005847  -0.018568   0.076538   0.026821   0.021771   0.011604  -0.017102  
 -0.025248  -0.013330   0.002787   0.033704   0.031631  -0.034122  -0.006696   0.044110   0.077238  -0.049749  
  0.024132  -0.002657  -0.013929  -0.081124   0.092467  -0.045877   0.016472   0.034582  -0.043139  -0.022518  
 -0.026763   0.022280  -0.014295   0.003997  -0.023390  -0.080604   0.023988   0.004550   0.010515  -0.012376  
 -0.060504  -0.005125  -0.056796   0.009209   0.006821  -0.048652   0.018610  -0.066593   0.084445   0.016098  
  0.018483   0.044745   0.064285  -0.092195   0.009389  -0.044638  -0.004159   0.003312  -0.080123  -0.025839  
  0.050362  -0.023973   0.000794   0.012224  -0.043488  -0.038719   0.012572   0.035110  -0.021727  -0.002689  
  0.093793   0.079732  -0.026251  -0.032126   0.028950  -0.074601  -0.083589  -0.050050   0.069334   0.068328  
 -0.020374  -0.029898   0.059408  -0.052755  -0.029048   0.037621   0.013345   0.015155  -0.043989   0.019944  
 -0.028721   0.012152  -0.018663  -0.000496  -0.081384   0.032206   0.051709   0.018355  -0.009723  -0.013466  
 -0.107027   0.075926   0.004242   0.042544  -0.023437  -0.029725   0.060624  -0.042370  -0.002470  -0.010176  
  0.071826  -0.021951  -0.085689   0.029033   0.013468  -0.020166  -0.023826  -0.037178   0.028822   0.030206  
 -0.025285  -0.015491  -0.019161   0.010569   0.026445   0.008024  -0.001251  -0.011375  -0.027027  -0.001254  
  0.014458   0.080386   0.011203   0.003428   0.004053  -0.011143  -0.053876  -0.002270  -0.029570   0.062666  
 -0.074664   0.019120   0.005871   0.016105   0.052210  -0.026162   0.044448  -0.013516   0.070192   0.005003  
 -0.082315  -0.026178  -0.043122  -0.058794   0.057912   0.030214  -0.012728  -0.088673   0.114602  -0.031991  
 -0.025396  -0.048428   0.058506  -0.030573  -0.002198   0.039808  -0.073744   0.035917   0.037060   0.012013  
  0.005639   0.003943  -0.000245   0.028923   0.023808   0.007594  -0.057433   0.014868   0.023637  -0.020869  
  0.054521   0.032231  -0.046473   0.020049  -0.000505   0.010230  -0.058333   0.038417   0.002502   0.001522  
 -0.003604  -0.042034  -0.013409  -0.006500   0.008209  -0.008035   0.004348   0.011030   0.029225   0.034236  
  0.094623  -0.097733  -0.001518  -0.009382   0.006263   0.063932  -0.022736  -0.037572   0.025476  -0.016362  
  0.015262   0.027075  -0.064190  -0.007366  -0.016344  -0.021803   0.025265  -0.035711   0.107508  -0.067420  
 -0.039548   0.006801  -0.030390   0.071937   0.022804  -0.013357   0.092902  -0.002876   0.028491  -0.056777  
  0.029012  -0.006332  -0.004531   0.026736   0.020273   0.090529  -0.033284   0.028688  -0.009248   0.006505  
 -0.019480  -0.025049   0.017048   0.005557  -0.049105   0.069005   0.008577  -0.009918  -0.049315   0.064240  
  0.008436   0.075372   0.036311  -0.090101  -0.044071  -0.011314   0.048303   0.022701  -0.002280   0.033794  
  0.002431   0.036986  -0.055045   0.020536  -0.032679  -0.052258  -0.047155  -0.051294  -0.040465  -0.017075  
  0.015218  -0.082653  -0.004406  -0.032227   0.080614  -0.001875  -0.046643  -0.023185  -0.021794  -0.014159  
  0.004555  -0.028684  -0.034809  -0.008991   0.026480  -0.010749  -0.031548   0.024229   0.017907   0.060873  
  0.052542  -0.010745  -0.082267  -0.013755  -0.062071  -0.022267   0.013035  -0.073976  -0.008538  -0.057825  
  0.044233  -0.026642  -0.013462  -0.051957   0.047971  -0.036466   0.049514   0.001995  -0.064251  -0.045023  
  0.053377  -0.009161   0.038266   0.003664   0.003743   0.016279  -0.026903   0.057476   0.095399  -0.027155  
 -0.023002   0.019763   0.015736   0.164732  -0.088081   0.033535   0.029804   0.007847   0.034089   0.020061  
  0.009529  -0.031524  -0.039070   0.045250   0.008656   0.075650   0.075943   0.022647   0.035215   0.014122  
 -0.022998   0.021281   0.043157   0.039298  -0.033240  -0.027058  -0.010847   0.013009   0.016667  -0.019307  
 -0.035437  -0.041181   0.007646   0.038323  -0.019156  -0.002994  -0.009937  -0.035229   0.063389   0.082190  
 -0.056922   0.006089  -0.030065  -0.035721  -0.036384   0.039697  -0.073194   0.034350  -0.000205   0.062111  
 -0.063015   0.060409   0.046626   0.033652  -0.041867   0.037052   0.025184  -0.010974   0.033346   0.034642  
 -0.098697  -0.013855   0.002240   0.044103  -0.048907   0.018040   0.076782   0.019325   0.023159   0.032923  
 -0.054959  -0.005108  -0.001937  -0.068036   0.012256   0.088171  -0.001432   0.007009  -0.018360  -0.048736  
 -0.020279  -0.109259  -0.044323  -0.042272  -0.001604  -0.033345  -0.030744   0.008564  -0.015794  -0.002805  
 -0.014402   0.003651   0.029001  -0.017950  -0.009422   0.037830   0.048233  -0.033687  -0.024208  -0.106454  
 -0.042365  -0.003774  -0.060885   0.022840  -0.009678   0.069032   0.021548   0.054831  -0.000330   0.052898  
  0.089176  -0.090888   0.016690   0.026798   0.022983   0.023178  -0.062423   0.007237   0.011800  -0.042794  
  0.036279   0.048530   0.041428  -0.032712   0.000607  -0.013297  -0.031801   0.016849  -0.086661   0.079610  
 -0.010972  -0.035702  -0.072156   0.007238  -0.051749   0.021916   0.020462   0.011937  -0.018031   0.083399  
  0.014301  -0.011554   0.038483   0.062722  -0.007154   0.048483  -0.101808   0.065175  -0.038840   0.045199  
 -0.021830   0.033262  -0.013606   0.022790   0.024425  -0.004258   0.017360   0.008443   0.014807   0.037785  
 -0.000094   0.017303  -0.010756   0.085688   0.054925  -0.031335  -0.003919   0.092207  -0.049652   0.016849  
 -0.016008  -0.062167  -0.105508   0.012129   0.024135   0.018829   0.026588   0.037936   0.019574   0.017576  
 -0.066997   0.014885   0.043981   0.041473  -0.024250   0.017431  -0.072785  -0.053226  -0.066841  -0.018066  
  0.022499   0.026760  -0.025112  -0.009171  -0.047656   0.030720  -0.012349  -0.016976  -0.009436  -0.018988  
  0.045906   0.027886  -0.050061  -0.024576  -0.017942  -0.097362   0.011803   0.043004  -0.021021  -0.035891  
  0.019078  -0.024189  -0.048337   0.044822   0.045327   0.000754   0.043463  -0.068293  -0.059206  -0.053129  
  0.051898  -0.045346   0.003894  -0.042515  -0.039426  -0.023819  -0.021608  -0.026799   0.014161   0.090020  
 -0.004064  -0.033332   0.068120   0.020591   0.048716   0.005360  -0.036385  -0.005972   0.035822   0.009655  
 -0.021884  -0.043389   0.052520  -0.002018   0.066096  -0.005822  -0.045662   0.034868   0.062327  -0.011120  
  0.063826   0.045130  -0.106420  -0.012008   0.068897   0.005647   0.080932  -0.017042   0.006567  -0.057441  
 -0.013582   0.008196   0.043165  -0.046427   0.021703   0.001478  -0.045763   0.012238   0.010564  -0.017819  
 -0.005747   0.072247  -0.009348   0.064965   0.002419   0.041414  -0.094286  -0.128229   0.021453   0.032691  
  0.081345  -0.039780   0.041293   0.006562   0.014187   0.058892  -0.004864  -0.029112   0.050361   0.078452  
 -0.004132  -0.034576  -0.016377   0.054767  -0.025770   0.022130  -0.010352   0.035210  -0.001725  -0.029450  
 -0.033365  -0.061974   0.004648   0.006606  -0.005312  -0.021624   0.032668  -0.052045   0.032694   0.003931  
  0.035444   0.036523   0.047115  -0.060372   0.032101   0.012426   0.082354  -0.008097  -0.035444   0.012618  
 -0.079007  -0.033422  -0.033049  -0.006637  -0.044269  -0.005828  -0.031668  -0.008784   0.029931   0.053824  
  0.029803   0.014240   0.038841  -0.012737  -0.091182  -0.116471   0.091632  -0.001022   0.050005  -0.021553  
 -0.049233  -0.033506   0.003719   0.002523  -0.069819  -0.125666   0.015839  -0.012775  -0.050954  -0.082732  
 -0.014031   0.000400  -0.018776  -0.057076  -0.036222  -0.069959   0.005852  -0.023322  -0.065287  -0.028220  
 -0.007722   0.000600   0.007843   0.019391   0.010425  -0.067140  -0.036803  -0.019677   0.009353   0.061245  
 -0.001278  -0.038803  -0.059329  -0.067264   0.015780  -0.068704  -0.003443  -0.058093   0.001853  -0.017918  
 -0.047104  -0.052645  -0.018278  -0.013822  -0.022508  -0.018369  -0.018045  -0.037849  -0.035944  -0.008978  
 -0.012454  -0.010921   0.088544   0.068162  -0.021205   0.036355   0.026767  -0.040468  -0.022157  -0.017914  
  0.078959   0.029825   0.024712   0.065865  -0.051257  -0.036917  -0.060798  -0.018237   0.031332  -0.049914  
 -0.035917   0.013468  -0.021714  -0.005767   0.016470   0.037544   0.049951   0.025984   0.043351   0.016523  
  0.028959  -0.024182  -0.086751  -0.051600  -0.002518   0.009501   0.031232   0.039129  -0.025758  -0.098663  
  0.015422  -0.074881  -0.036251   0.013068  -0.046312   0.051713  -0.019872   0.030263  -0.022613   0.040194  
  0.081902   0.004981  -0.019076   0.052220   0.116035   0.040692   0.088734   0.032357  -0.045155   0.067660  
 -0.022048   0.013755  -0.014884   0.009502   0.034734   0.052479   0.086737   0.035354  -0.083688   0.026748  
 -0.000790   0.000359   0.004021   0.019975  -0.056579   0.035741   0.000443  -0.053689  -0.018778   0.007109  
 -0.009118   0.039013   0.014617  -0.010343  -0.080780  -0.012906  -0.020781   0.002729   0.003367  -0.008002  
 -0.027164  -0.049743   0.055000  -0.008703  -0.075537   0.002881   0.012029   0.054624  -0.002293  -0.030597  
 -0.107076  -0.016113   0.054837   0.016030   0.009964  -0.036739   0.018861  -0.003979   0.025981  -0.060509  
 -0.001612   0.073791  -0.088636  -0.060848  -0.040942  -0.016517   0.027483   0.031944   0.015142  -0.019121  
  0.010569   0.034857   0.022545  -0.047243  -0.025589   0.072693  -0.019768   0.006201  -0.005786  -0.064103  
  0.006377  -0.017435  -0.030030  -0.000827  -0.038241  -0.057648   0.023567   0.063765   0.013733  -0.033892  
 -0.001225  -0.046417   0.029453   0.078196   0.018360  -0.036011   0.055327  -0.007360   0.031347  -0.001613  
 -0.026027   0.012873   0.030919   0.039792   0.036335  -0.020224   0.053149   0.013245  -0.011311   0.056987  
 -0.009819  -0.058248  -0.010860  -0.026814   0.013110   0.031425  -0.025641   0.043355   0.042157  -0.029217  
  0.056724  -0.034604  -0.038524   0.050153   0.020754  -0.012220   0.014681   0.041794  -0.033720  -0.015109  
 -0.007758   0.005795   0.019657   0.053614   0.040305   0.010620   0.051514   0.066009  -0.036434   0.051128  
 -0.078369   0.019206  -0.006542   0.038679   0.009010   0.041483   0.044216  -0.015543  -0.051561   0.032863  
 -0.032614   0.057267  -0.040971   0.041818   0.016935  -0.013807   0.048731  -0.006643  -0.029878  -0.022131  
  0.033337   0.015172  -0.011883  -0.048888   0.090250  -0.040774   0.024284   0.017816  -0.021489  -0.077826  
  0.086446   0.049602   0.014754   0.006470   0.022464  -0.016220   0.017586   0.015485   0.003386   0.009668  
 -0.005509   0.087126   0.004884   0.027497   0.021491   0.021826   0.017870  -0.038953   0.061404   0.058201  
  0.003726   0.043811  -0.063617  -0.030149  -0.038328  -0.016824  -0.027913  -0.091121  -0.091746   0.041341  
  0.004378  -0.055325  -0.076707   0.018798   0.017132   0.011817  -0.009613   0.096688   0.025772   0.019716  
  0.009057  -0.028654   0.026911  -0.104638  -0.012301  -0.017053  -0.003506   0.036036   0.062343   0.063972  
 -0.002367   0.007376  -0.111813   0.008154  -0.032832   0.041506  -0.011319  -0.017113  -0.078108  -0.046022  
  0.010676  -0.097351  -0.037083   0.027921   0.064685  -0.036126   0.019485   0.016016   0.078135   0.028586  
 -0.033242  -0.142491  -0.082059   0.029655   0.008605   0.027919  -0.078100   0.123267   0.034201  -0.012614  
 -0.011956  -0.011759  -0.017331   0.056164   0.017502  -0.026130  -0.044291  -0.053672  -0.039728   0.008491  
  0.041758   0.005794  -0.062470  -0.081959   0.071563   0.016128   0.000580  -0.054813  -0.039838  -0.039795  
 -0.051861   0.060044   0.023244  -0.040145   0.016696  -0.030806   0.059943  -0.061459  -0.036700   0.004986  
 -0.003184  -0.035817   0.015580  -0.010919  -0.004192   0.046862   0.057501   0.007242   0.038795  -0.008757  
  0.056486   0.080819   0.045741   0.007826   0.069105  -0.060833  -0.023578  -0.056397  -0.042490  -0.001564  
  0.065034   0.005904   0.023057   0.025704  -0.074119  -0.030084  -0.051469   0.036266  -0.048515  -0.064431  
 -0.028427  -0.032239  -0.010894  -0.015646  -0.044695   0.000498  -0.040107  -0.004065   0.005846  -0.058157  
  0.071914  -0.044532  -0.054411   0.026392   0.093229   0.045732   0.028177   0.015407   0.027722  -0.042716  
  0.019144  -0.060096   0.052653   0.068917  -0.036359   0.061038  -0.007820   0.036183  -0.009803   0.080795  
 -0.006979  -0.043599   0.037248   0.022057  -0.003403   0.025927   0.083423   0.040414  -0.034772  -0.002784  
  0.026761   0.012933   0.064767   0.091476  -0.001425   0.056890  -0.049127  -0.037852  -0.090101  -0.004370  
 -0.060184   0.070426  -0.006702   0.011381   0.017319   0.001426  -0.010757  -0.006217   0.027492   0.009992  
  0.014581   0.026180   0.073261  -0.002266  -0.051293   0.058951   0.025558  -0.115483   0.028159   0.081197  
  0.006090  -0.030813   0.030068  -0.038580  -0.072682   0.033649  -0.007347   0.038165  -0.010409   0.026031  
 -0.007595   0.024354   0.053923   0.067810   0.051217   0.104457  -0.044579   0.006230   0.038121   0.070856  
 -0.008751   0.025457  -0.045955   0.051206   0.009322  -0.010583   0.028483  -0.053952  -0.087270   0.064167  
  0.036848  -0.003740  -0.012878   0.026353   0.039097  -0.095074  -0.069547   0.011470  -0.040824   0.084286  
  0.087017   0.128122  -0.035738   0.030704  -0.011962   0.031885  -0.011341   0.047148   0.023523   0.014584  
 -0.030428  -0.037337   0.008046  -0.010474   0.081963   0.011339   0.045792   0.017317  -0.015350   0.029059  
  0.009925  -0.024299  -0.047115   0.024288   0.022408  -0.003906  -0.033459  -0.016559  -0.037549   0.020871  
  0.021301   0.017002   0.045453  -0.049789   0.007701   0.015333  -0.023254   0.011613  -0.024886  -0.059401  
 -0.029360   0.012181   0.110965  -0.030599  -0.017221  -0.041212   0.015466   0.030422   0.046242   0.021963  
  0.098229  -0.015739  -0.042354  -0.053878  -0.049204  -0.111024  -0.024357  -0.000133   0.017375   0.016094  
  0.068384   0.033850   0.082859   0.061163  -0.045034   0.026333  -0.039774   0.010876   0.058881   0.043188  
 -0.018713   0.009325   0.003947  -0.051197   0.050016  -0.052818   0.019036   0.057970  -0.063367   0.047970  
 -0.057287   0.132123  -0.000598  -0.019994  -0.034846   0.001754   0.050699   0.086982  -0.052583  -0.002295  
  0.003733   0.042900   0.089968  -0.049163   0.046128   0.002335  -0.009353  -0.038526   0.020543  -0.017855  
 -0.024411  -0.006649   0.042293  -0.014464  -0.012117   0.025280   0.016768   0.055296   0.052246  -0.032908  
  0.039640   0.005369  -0.090374   0.048673   0.023490   0.020840   0.041562   0.030892  -0.026343  -0.010886  
 -0.046501   0.082418   0.010668  -0.008160   0.064388   0.072512   0.020950  -0.045783   0.010459   0.021869  
 -0.063882  -0.005292   0.099000  -0.024953   0.002072  -0.055800  -0.009342  -0.101143   0.057763  -0.023870  
 -0.043218   0.012894  -0.033045  -0.064364  -0.031372  -0.028710   0.032456  -0.016483  -0.013991   0.026263  
 -0.006079   0.031721   0.086171  -0.077445  -0.032848  -0.000245   0.068546   0.032054   0.042044  -0.077197  
 -0.011710   0.014465   0.087214  -0.073508   0.047712  -0.059978  -0.001791  -0.009654  -0.040020  -0.012831  
  0.047126   0.023458  -0.056858  -0.082600  -0.049413  -0.031259  -0.038393  -0.044329  -0.052381   0.055517  
 -0.115636   0.097341  -0.028420  -0.007325  -0.026390   0.039323  -0.057631   0.060093   0.018048  -0.009937  
 -0.012163   0.060417   0.047031  -0.087600  -0.005108   0.007747   0.013862  -0.011522  -0.033920   0.037925  
  0.075552   0.031475  -0.039184   0.039037  -0.071274  -0.048578  -0.041374  -0.005506   0.016113   0.015325  
 -0.024737  -0.021312  -0.019531   0.111194   0.007748   0.016564   0.097964  -0.070898  -0.001346  -0.005588  
  0.019761   0.011432  -0.035149   0.058554   0.020630   0.014994   0.056897   0.030923  -0.063328  -0.069016  
 -0.023427   0.010153   0.033862   0.076647  -0.003160  -0.032043   0.022907   0.074790   0.022856   0.099076  
  0.012810  -0.038573   0.002521  -0.037040  -0.062481   0.085398  -0.054477  -0.027032   0.019576  -0.000793  
 -0.020455  -0.040896   0.017743  -0.071136   0.002622  -0.005449   0.093116   0.055493   0.005880   0.034469  
 -0.052201  -0.057778   0.001607  -0.013659  -0.083937  -0.054382   0.005400  -0.010222  -0.015093  -0.060066  
 -0.005701   0.037561   0.046696   0.014869   0.035655   0.036557  -0.021345  -0.035405  -0.086510   0.040643  
  0.009780  -0.081656   0.045215  -0.026730   0.009061   0.069433   0.026835   0.023018  -0.029473   0.008587  
  0.059806   0.045796  -0.041685  -0.017235   0.018225  -0.011621   0.027931  -0.013142   0.026685  -0.005990  
 -0.011614  -0.036548   0.015293   0.027738  -0.037058   0.011011   0.078042  -0.018636  -0.023515   0.030598  
  0.103156   0.041271  -0.071952   0.032775   0.063547  -0.026797   0.018066   0.009145  -0.043470  -0.005674  
  0.005574   0.094082  -0.050110   0.031414  -0.069709  -0.041198  -0.026498  -0.004259  -0.073680  -0.032876  
 -0.000810  -0.017191   0.075190   0.000820  -0.042896  -0.000420  -0.048145  -0.023455  -0.015927   0.002816  
 -0.059621   0.016000   0.073584   0.040612  -0.021892   0.007212   0.060397   0.103425   0.081384   0.011236  
 -0.011694   0.016284   0.063283  -0.082385   0.058393  -0.027551   0.005427   0.018983  -0.007181  -0.011303  
 -0.016504  -0.002117  -0.030085   0.009317   0.020008   0.011952   0.087148  -0.026280   0.091412   0.017569  
 -0.015076  -0.045268   0.078314  -0.052666  -0.015522  -0.016805  -0.010448   0.047735  -0.074885   0.002279  
  0.013614  -0.021991  -0.047963   0.003615  -0.076971   0.008616  -0.013043   0.013779  -0.067363   0.044478  
 -0.023351   0.016870  -0.019706  -0.017612   0.008053   0.023462   0.000654  -0.053287  -0.037481  -0.018621  
 -0.085608   0.060022   0.025443  -0.003734  -0.069978  -0.002487   0.005324   0.031606   0.012923   0.092935  
 -0.080605  -0.017233   0.011021   0.007647   0.025242   0.025058   0.003040   0.005215  -0.061323  -0.052158  
  0.016518   0.043257  -0.013607  -0.029387   0.009379  -0.024234   0.030774   0.054332  -0.003192   0.093911  
 -0.022311   0.026486  -0.011087  -0.034892   0.121547  -0.035722  -0.035431   0.009143  -0.033209  -0.051908  
 -0.006393  -0.005119   0.036252  -0.108778  -0.015493   0.058029   0.033374   0.072356  -0.020621  -0.000935  
 -0.000056  -0.016731   0.018434   0.091707  -0.039711  -0.011855   0.022926  -0.019246   0.062846  -0.019914  
 -0.009024  -0.045604  -0.017986   0.061550  -0.066742   0.026023  -0.013671   0.059742   0.036629  -0.045683  
 -0.055993   0.008288   0.005045   0.047007  -0.029737  -0.066229   0.003399  -0.091854  -0.024044  -0.083904  
 -0.048620  -0.001798  -0.039641  -0.093680  -0.031835   0.038867   0.020136   0.000388   0.090547   0.005912  
 -0.044148  -0.049067   0.006133  -0.099857  -0.042665  -0.016600   0.052959  -0.034892   0.037569   0.005405  
 -0.018277  -0.019548  -0.004699  -0.048597  -0.002172   0.011031  -0.044049  -0.034971  -0.003037  -0.087140  
  0.024891   0.040568   0.015459  -0.057547   0.069906   0.054547   0.054635  -0.009409  -0.067552   0.023128  
  0.019849   0.017764   0.018178   0.023430   0.006372   0.048287  -0.019308   0.017989   0.029702  -0.015918  
 -0.014084   0.100374  -0.031785   0.008996   0.017576  -0.011754   0.071830  -0.062376   0.081262   0.021330  
  0.003005  -0.012171   0.003310  -0.103532  -0.013909   0.003894  -0.059325   0.028597   0.049960   0.056300  
  0.014556   0.053934  -0.057680  -0.060212  -0.017172  -0.009396  -0.036437  -0.003112   0.090917   0.049607  
  0.009411  -0.003397  -0.010177   0.002483   0.022714  -0.025659   0.010977   0.028934  -0.077011  -0.133463  
 -0.053831   0.025854   0.020758  -0.007572  -0.035759   0.001540   0.059560  -0.049405   0.039615  -0.017143  
 -0.000711   0.021157   0.012088  -0.007980  -0.011235  -0.029926  -0.003716   0.001330   0.007126   0.017354  
  0.037826  -0.027302  -0.067607  -0.031773   0.050389   0.061329   0.021609  -0.013968  -0.031856   0.023378  
 -0.051027  -0.028108  -0.020549   0.019095   0.029468   0.036614  -0.028165  -0.045128  -0.066440  -0.036388  
  0.034612   0.011976  -0.060935   0.037080   0.014187  -0.055283  -0.027727   0.032658   0.032576  -0.014473  
  0.040706  -0.021299   0.011046   0.011141  -0.057137  -0.023386   0.044698  -0.003311  -0.088662   0.022620  
  0.037220   0.011356   0.047343   0.013741   0.045030   0.075114   0.068199  -0.020023   0.027566   0.016647  
 -0.007154  -0.033557   0.091895   0.039545   0.000614   0.025115   0.003264   0.052574  -0.008378  -0.083944  
 -0.003776   0.051976   0.007257  -0.015751  -0.044316   0.005585   0.045316  -0.092300   0.024750  -0.047378  
  0.030863  -0.035336   0.061111   0.012953   0.006323  -0.030854   0.103148   0.068032  -0.031612   0.058052  
 -0.095293  -0.071097   0.037017   0.066326  -0.000769  -0.058315  -0.015663   0.064342  -0.044007  -0.023401  
  0.063703  -0.006995   0.012439   0.007797   0.032648   0.021520   0.008400   0.020965  -0.049576  -0.023752  
 -0.011609  -0.007350   0.015796  -0.018001  -0.008316   0.012564   0.033363  -0.002913  -0.059051  -0.005912  
  0.023692   0.101358  -0.060432   0.075566   0.003547   0.007875  -0.039962   0.121578   0.044125  -0.022320  
  0.054391  -0.044204   0.048891   0.033230   0.027123  -0.008782  -0.013719  -0.048637   0.025752   0.066922  
  0.030615   0.026445  -0.080310   0.054418  -0.031065  -0.068786   0.047747   0.007064   0.017131  -0.090454  
 -0.052228  -0.041852  -0.032403   0.066845   0.053787   0.039562  -0.021053  -0.013147   0.029445   0.065760  
 -0.008487   0.026207  -0.027448   0.048573   0.067276   0.008145   0.099370  -0.042241  -0.016088  -0.033214  
 -0.070167   0.055732   0.028352   0.014269   0.028481  -0.081726  -0.058430  -0.005531  -0.104772  -0.044854  
  0.052018   0.030717  -0.001974   0.019412  -0.029779  -0.025736   0.056237   0.035706  -0.058754   0.058150  
 -0.041437  -0.016707   0.040045   0.072198   0.007417  -0.007614   0.015512   0.000486  -0.044169  -0.009793  
  0.044751   0.064467   0.043536  -0.055528   0.008931  -0.008836  -0.002458   0.038616  -0.036178  -0.023367  
 -0.007534  -0.013466  -0.041290   0.018332   0.079092  -0.030562  -0.028849   0.051921  -0.013621   0.037748  
 -0.025524   0.055722  -0.093953   0.105378   0.034263   0.010098   0.023312   0.065285  -0.039760  -0.070536  
 -0.007540   0.044613   0.049278   0.049105   0.025705  -0.009421  -0.015242   0.014414   0.010313  -0.003004  
  0.026844  -0.017839   0.024187   0.034944   0.012118   0.065775  -0.018060   0.010637  -0.079540   0.016256  
  0.035542   0.021930  -0.005941   0.074888  -0.025365   0.081814  -0.011097   0.059218  -0.002831  -0.020595  
  0.051177   0.017229  -0.049399  -0.014431  -0.004608   0.044406  -0.073240  -0.001642   0.039386  -0.048151  
 -0.027599   0.028074   0.049397   0.002853  -0.000353   0.061066  -0.051808   0.020201   0.051096  -0.004660  
 -0.049197  -0.046807  -0.038784  -0.039377   0.018230  -0.013236  -0.045842  -0.036107  -0.004296  -0.023135  
  0.053396  -0.016819   0.034211  -0.036685   0.060517   0.015667   0.061231  -0.044532  -0.012689  -0.085174  
 -0.015381   0.093428   0.019295   0.068609   0.022806   0.064531   0.028654   0.020109  -0.019290  -0.020876  
  0.010689  -0.055080   0.023274  -0.029790  -0.037119  -0.065126   0.111696   0.015625   0.064103  -0.012001  
 -0.050263   0.026199  -0.029726   0.000374   0.000970  -0.067089   0.043942   0.012744   0.044100   0.016307  
 -0.009867  -0.027699  -0.004690  -0.002207  -0.044813  -0.018531  -0.081863  -0.064239   0.062791  -0.003166  
 -0.017601   0.059321  -0.079410   0.030122  -0.019404   0.052461   0.019246   0.020057  -0.004237  -0.086155  
 -0.015190   0.011840  -0.029421  -0.008805   0.044742  -0.062794  -0.047011   0.023429  -0.016135  -0.000429  
  0.032640   0.026994   0.012796  -0.052803  -0.032213  -0.018820  -0.007461  -0.015298   0.017968   0.021230  
 -0.036062  -0.024948  -0.079686  -0.078471   0.007894   0.041382  -0.030779   0.032721   0.011239  -0.065672  
  0.045227   0.025508   0.064763   0.005155  -0.009793  -0.043417  -0.014108  -0.028595   0.015619  -0.026109  
  0.023546   0.082022  -0.021119   0.025647   0.005889   0.035630  -0.029110   0.067775   0.044557  -0.054144  
  0.036483  -0.010169   0.104919   0.016103  -0.016539   0.048312  -0.002534  -0.021783  -0.041569  -0.010836  
 -0.083300   0.029921  -0.114984  -0.049125  -0.039083  -0.093792   0.058369  -0.033971  -0.033439   0.065230  
  0.009600   0.011651  -0.046176  -0.007023  -0.005705   0.022349   0.015346   0.013486  -0.055547   0.035361  
 -0.031235   0.058096   0.037464   0.002248   0.003882   0.039927  -0.010701   0.060753   0.051514   0.025492  
  0.023448   0.028136   0.044177  -0.017589  -0.030560  -0.054059   0.012438   0.033748   0.062562  -0.020178  
  0.009190  -0.044403   0.033786  -0.027455   0.038660  -0.019408   0.029874  -0.011038   0.103690  -0.001906  
  0.070415  -0.043381  -0.049083  -0.007717  -0.036741   0.010513   0.033259   0.026121  -0.010441  -0.067444  
 -0.071501  -0.042427  -0.026092   0.006844  -0.020404   0.018528   0.052323   0.062975  -0.048476   0.079799  
  0.024434   0.010025  -0.035506   0.039715   0.025094   0.024700  -0.044870   0.041266   0.019631   0.074285  
  0.011884  -0.069117   0.029359   0.009399   0.013012   0.038988   0.024953  -0.003776  -0.036222  -0.023812  
  0.057759   0.020694  -0.045561  -0.029557  -0.035243   0.015315   0.018070  -0.055514  -0.030476   0.025738  
  0.001559  -0.046280   0.047087  -0.015102   0.013112   0.038567   0.065046  -0.025439   0.112628   0.001261  
 -0.059569  -0.016599   0.024290   0.078707  -0.034614   0.039987  -0.056009  -0.087785   0.026081   0.059405  
  0.047662  -0.087118  -0.105344   0.026498   0.010845  -0.000739   0.008471   0.023219   0.045309  -0.011804  
 -0.015198  -0.019095   0.045310  -0.060257   0.086678  -0.042008  -0.005704   0.063837   0.093163  -0.043184  
  0.047621   0.000618  -0.038627  -0.041068   0.041304  -0.049291   0.013156   0.004965   0.091329   0.067303  
  0.005777  -0.062303  -0.001654   0.017329   0.001118   0.040787   0.015087   0.018037  -0.016336   0.042287  
  0.048755  -0.003609  -0.010991   0.009244  -0.017147  -0.041074  -0.001873   0.033649   0.033038   0.022750  
  0.074083   0.080588   0.015494   0.057365   0.029153   0.051945   0.028133   0.005438  -0.036939  -0.014989  
 -0.062273   0.030385   0.032390  -0.003680   0.050729   0.059801   0.004046   0.087075   0.080109  -0.053592  
 -0.013637  -0.010165   0.044052  -0.004432  -0.057126   0.031651   0.030269   0.074486  -0.038917  -0.051143  
 -0.022566   0.108618   0.042951   0.018588  -0.052818   0.009620  -0.049165  -0.031617   0.023842  -0.030446  
 -0.082063  -0.025570  -0.008469  -0.054956   0.050592   0.042593  -0.035640   0.052544  -0.072519   0.067029  
 -0.000045  -0.033680  -0.078740  -0.001149  -0.068686   0.062231  -0.047381   0.029029   0.063112  -0.031377  
  0.053709  -0.063114  -0.061419  -0.045735  -0.055294  -0.011047   0.074427  -0.010558  -0.004031   0.089059  
  0.028498  -0.043543   0.007533  -0.068285   0.030439  -0.019102   0.075961   0.047554  -0.013443   0.030702  
  0.016625  -0.034364  -0.013651   0.001386   0.046009   0.005258  -0.016741  -0.004916   0.022289  -0.019549  
  0.020913  -0.027906   0.051712   0.098900   0.096512   0.023344   0.014710  -0.010595   0.069964   0.004046  
  0.004260  -0.026549   0.042053   0.030250  -0.043522  -0.057075   0.008047   0.100381   0.011471  -0.093546  
  0.047719  -0.025105  -0.055747  -0.046168   0.016980   0.068786  -0.027741  -0.022777  -0.002050  -0.039985  
 -0.052363   0.020526   0.040739  -0.037585  -0.059174   0.009803   0.033918  -0.006237  -0.030611  -0.031819  
  0.034539   0.006680  -0.017677   0.007503   0.039616   0.074030   0.006290   0.052533  -0.055770  -0.056113  
 -0.020287   0.022626   0.041341   0.171330   0.090255  -0.051438  -0.059524  -0.022074  -0.034850   0.039993  
  0.020210  -0.030568  -0.021362   0.042962   0.040371  -0.032971   0.008580  -0.034557  -0.072649   0.044561  
  0.010178  -0.010511  -0.085678   0.022186   0.025098   0.098792  -0.013998   0.047104   0.084318   0.069277  
 -0.013815   0.016345   0.038590  -0.023698   0.067710   0.038291  -0.023491  -0.088781   0.008415   0.013030  
  0.004149  -0.094251  -0.037155  -0.053019   0.036688   0.020758   0.022455  -0.057234   0.002641  -0.026723  
 -0.158579  -0.011503  -0.089115   0.003577   0.041775  -0.006758  -0.042817   0.013233  -0.064979   0.020512  
 -0.063235  -0.025007   0.014437  -0.091684  -0.022740  -0.032710   0.004768   0.008746  -0.009970  -0.040748  
 -0.007179   0.004949  -0.023206   0.039269  -0.007225   0.060121   0.027973  -0.036848  -0.005021   0.016236  
  0.016047   0.002930   0.014044   0.058540  -0.009071   0.114794   0.112927  -0.066039   0.010342  -0.027542  
 -0.030407  -0.019293   0.089644  -0.003982  -0.039695   0.000560  -0.055177  -0.008196   0.078822   0.049277  
  0.066154  -0.032013   0.017139   0.034273   0.014834   0.034897   0.043390  -0.074659   0.016980   0.014096  
 -0.000490   0.001943   0.023041   0.011122  -0.003586  -0.015851  -0.033212   0.048222   0.100728  -0.076061  
  0.028390  -0.002770  -0.025985   0.008194   0.012813  -0.025452   0.008662   0.029614  -0.001434  -0.015850  
  0.045817  -0.018160  -0.054118  -0.027269  -0.013219   0.010400   0.013944  -0.003393  -0.016432   0.076899  
  0.011765   0.053019  -0.007499  -0.111419   0.091730   0.002633  -0.074773   0.083256   0.043223  -0.031762  
  0.023668  -0.009983  -0.042092   0.065420  -0.054344  -0.031534   0.019492  -0.006283  -0.030152  -0.020637  
  0.034731  -0.041017   0.041456   0.063043  -0.072398  -0.093731   0.072422   0.020919   0.027471  -0.026256  
 -0.010503  -0.138329   0.047741   0.015684   0.022399   0.066269  -0.046357   0.055753  -0.024009  -0.031311  
  0.093909   0.031532  -0.006360   0.041166  -0.020875   0.083743   0.015136  -0.028700  -0.041187  -0.022638  
 -0.087161   0.048567  -0.007545  -0.027174  -0.048020   0.046717  -0.003944   0.044222   0.004636   0.008093  
  0.051781   0.015739   0.029832   0.045969   0.047338   0.025629  -0.035750  -0.061756   0.014500   0.038707  
  0.007326  -0.037683  -0.137661  -0.059241   0.014037  -0.003288   0.001301   0.019120   0.026415   0.020719  
  0.024797   0.012330  -0.010328   0.022791   0.001857   0.072219  -0.040469  -0.018569  -0.026721   0.006991  
 -0.020232  -0.083250   0.005008  -0.034894   0.022742   0.060378  -0.016627   0.001552  -0.067463  -0.002788  
  0.049788  -0.011387  -0.014918  -0.014202   0.006314  -0.070097  -0.019023  -0.000011  -0.028960   0.029942  
  0.066188  -0.105090   0.024673   0.038006   0.029405   0.019647  -0.004863  -0.037779   0.008115   0.000735  
  0.052412  -0.029881  -0.090533   0.057604  -0.019153  -0.015732   0.090807  -0.041628  -0.013007  -0.120145  
 -0.031747   0.065971   0.081240  -0.045899   0.106275  -0.041374  -0.016555   0.025935  -0.014856  -0.010057  
  0.021955  -0.101442  -0.050405  -0.016385  -0.059000   0.026095   0.053249   0.029409  -0.094757   0.052906  
  0.029244   0.032818   0.065757   0.017776   0.052499   0.018882   0.023538  -0.034703  -0.049113  -0.007430  
  0.077173   0.027296  -0.022661   0.007642  -0.066518   0.085139  -0.035545  -0.019210   0.003700  -0.024363  
  0.027448  -0.022610   0.040389   0.010296  -0.002576  -0.011822  -0.051515   0.003539   0.010915  -0.034340  
  0.090421  -0.003582   0.002040  -0.028868  -0.002589  -0.033035  -0.000430   0.027893   0.074847  -0.066307  
 -0.048081   0.079022  -0.048509  -0.014393   0.043955  -0.053204   0.056830  -0.004645   0.068753  -0.024758  
  0.053955  -0.013189  -0.017882   0.029359  -0.028935   0.006841  -0.026889   0.053710  -0.049665  -0.051208  
  0.054576  -0.026238   0.006680   0.007174  -0.003346   0.067462  -0.076699  -0.006356  -0.044107   0.049313  
 -0.049577   0.088735   0.015767   0.046079  -0.094140   0.027973   0.019824  -0.052066  -0.026428  -0.049861  
 -0.027879  -0.098109  -0.042252  -0.022011  -0.002271  -0.009997  -0.033196   0.056317  -0.028773   0.014544  
 -0.013008  -0.086068   0.037981   0.033741  -0.025209   0.037175  -0.010350   0.027733  -0.034930  -0.018750  
 -0.098214   0.006708  -0.064468  -0.020863   0.013523   0.048249   0.022699  -0.054716  -0.044514  -0.044206  
 -0.037112  -0.036747  -0.037079   0.022963   0.009384  -0.077076   0.014191  -0.040158   0.039773  -0.024565  
 -0.020144  -0.039285   0.016604  -0.003197  -0.043716   0.044172  -0.028032  -0.007895  -0.001565   0.082695  
 -0.004378   0.020408   0.078277  -0.063887  -0.047936   0.029359   0.054166   0.006380   0.016755   0.011526  
 -0.006500  -0.003927  -0.027326   0.004556  -0.011685   0.070744   0.007085  -0.055742  -0.050453  -0.017390  
 -0.043607  -0.018314  -0.057003  -0.034309  -0.036587   0.031982   0.007123  -0.020781  -0.010423  -0.015539  
  0.095474  -0.046859  -0.010158   0.019269   0.007342   0.022670   0.003395  -0.060050  -0.080228  -0.035525  
  0.002209   0.004154   0.023040  -0.032287  -0.018082  -0.051149  -0.022973   0.035741  -0.095095   0.044143  
  0.027879   0.022088   0.036848   0.053178  -0.040663   0.122933  -0.088970   0.029554  -0.031821  -0.033102  
  0.045003  -0.079295   0.109711  -0.062947   0.033369   0.092701   0.003326   0.033773   0.041458  -0.054947  
  0.002968  -0.004984   0.027570   0.007816   0.004742   0.012704  -0.054911  -0.016085  -0.035644  -0.027629  
 -0.025752  -0.057937  -0.000607   0.047193   0.024265  -0.001625   0.071166  -0.071015  -0.010499  -0.003692  
 -0.053157   0.061683  -0.089305  -0.067942  -0.026923  -0.024834  -0.004035   0.040964   0.029424   0.002998  
 -0.032041   0.033563   0.047883   0.038188   0.045368   0.031708   0.027731   0.036866   0.009035   0.017170  
  0.076899  -0.065710  -0.002205   0.029685  -0.058269  -0.000442  -0.029910  -0.084538  -0.015946   0.028220  
  0.005299  -0.010061   0.043571   0.034645  -0.039091  -0.005188  -0.078440  -0.057518  -0.013506  -0.027297  
 -0.144947  -0.039912  -0.024223   0.040061   0.054275  -0.046493  -0.110609  -0.062704  -0.023773  -0.086000  
  0.077242   0.028934  -0.018073  -0.031551  -0.004168  -0.089862   0.014983   0.027062  -0.116437  -0.041438  
  0.031212   0.030178  -0.007501   0.059648  -0.021819   0.005308   0.023730   0.030605   0.015457  -0.071547  
  0.024025   0.031094   0.014410   0.022480   0.022774  -0.007240  -0.007939   0.003595   0.086447  -0.087519  
  0.051653   0.042378  -0.041758   0.037772  -0.046830  -0.048049   0.029489  -0.022119  -0.031130  -0.009360  
  0.052164  -0.011122  -0.023975   0.061406  -0.028820   0.012667  -0.048841   0.101548   0.005897  -0.076873  
  0.034764   0.011977  -0.013012  -0.032465  -0.032238   0.047697  -0.006349  -0.018326   0.021512   0.093927  
  0.024478  -0.050426   0.047337   0.007164   0.101861  -0.020220   0.057452  -0.020241   0.012105  -0.022441  
  0.028928   0.000024   0.029310  -0.012151   0.017972   0.020998   0.000625   0.120328   0.042834   0.044170  
 -0.000020  -0.065012   0.000088   0.027605  -0.051648   0.038401  -0.036776  -0.057300   0.058410  -0.071116  
 -0.041429  -0.085095   0.016059   0.040425  -0.043452   0.025794   0.050000   0.050833  -0.009305  -0.016338  
  0.009634   0.000243  -0.054180  -0.027269   0.016806   0.066953   0.081296  -0.074812   0.021663   0.066746  
  0.047142  -0.015987  -0.029416  -0.028306  -0.051784  -0.056250   0.065686   0.039460  -0.049077   0.111217  
  0.025302   0.001622   0.033732  -0.044324   0.043200   0.073716   0.006055  -0.065609   0.070257   0.013721  
  0.014258   0.079311  -0.004661   0.012638   0.000787  -0.104048  -0.020683  -0.009905   0.001945   0.088571  
 -0.015639   0.062690   0.019541  -0.034140  -0.005962   0.011807  -0.076386   0.015279  -0.060423   0.015106  
 -0.036407   0.002141  -0.052552   0.053990   0.012508   0.079000   0.021530  -0.029322   0.029920   0.022915  
 -0.014969  -0.070493  -0.016160   0.039735  -0.029281  -0.071742   0.007213   0.012849   0.073224   0.025714  
  0.016731   0.057110  -0.011678   0.000086  -0.039442   0.010687  -0.050250  -0.004948   0.040723  -0.007418  
 -0.007861   0.014628   0.003083   0.020432  -0.035101   0.013355  -0.044860  -0.019156  -0.012361   0.026388  
 -0.014393  -0.012763  -0.033585  -0.027266  -0.054452   0.067550  -0.011974  -0.041859  -0.026320  -0.048676  
 -0.091763  -0.036998  -0.066251  -0.056686   0.056321   0.006552  -0.042962  -0.088929  -0.093032   0.017748  
 -0.036430  -0.022897   0.073656  -0.022939   0.026055  -0.011477   0.095624   0.007395  -0.042144  -0.007086  
 -0.097029  -0.004969   0.053003  -0.008923   0.048604  -0.022951   0.131176   0.001075   0.038991  -0.047916  
  0.045905  -0.006417   0.055619  -0.059175   0.068825  -0.026262  -0.037860   0.105214  -0.035341   0.038035  
  0.028084   0.049190  -0.028624   0.064041   0.016245  -0.042531   0.080511   0.067048   0.011610   0.037675  
 -0.071045   0.007585   0.012840   0.020122  -0.040976  -0.037772   0.038423   0.019876  -0.039147   0.013806  
  0.013917   0.045159  -0.039228   0.037045  -0.020984   0.024073   0.063772  -0.044094   0.085710   0.058008  
 -0.029048   0.066350  -0.032627  -0.064357  -0.027909   0.037142  -0.057517   0.001622   0.039077  -0.007627  
 -0.042697   0.057357  -0.027808   0.091468   0.002199  -0.043039  -0.013551   0.025398   0.022155  -0.035583  
  0.037936  -0.006743  -0.018505  -0.060532  -0.077611   0.009980   0.067016  -0.032663   0.034188  -0.022237  
  0.044771   0.026841   0.046525   0.025533   0.070766  -0.052268  -0.092075  -0.015062  -0.033835   0.003055  
 -0.007921  -0.020973   0.021477   0.089037   0.054308  -0.042004   0.020123  -0.033517   0.076399   0.066751  
  0.014272   0.013695  -0.033052   0.030940   0.045915   0.114741   0.011168  -0.027708  -0.005768  -0.004189  
  0.028818  -0.003129  -0.080088   0.025217  -0.056587   0.049101   0.024132   0.085492   0.001871  -0.062526  
 -0.020235   0.004622   0.012325   0.001906   0.045084  -0.041284  -0.040759  -0.001650  -0.054973   0.017616  
 -0.002763  -0.009411   0.086517  -0.104895   0.043073   0.000487   0.015421  -0.030190   0.015051   0.004083  
 -0.017658  -0.038152   0.030831  -0.036886   0.024777   0.068579   0.048357  -0.047799  -0.059223   0.049860  
  0.023997  -0.011192  -0.017160  -0.003495   0.028126  -0.052383  -0.033755  -0.020738  -0.007597  -0.009929  
  0.047980  -0.084181   0.015124   0.004825   0.014574  -0.012186  -0.005638  -0.003829  -0.031189   0.034123  
 -0.084630  -0.017531  -0.022838   0.009015   0.099433  -0.031804  -0.015767   0.090401  -0.062190  -0.019302  
  0.016683  -0.025434  -0.021920  -0.013854   0.004749   0.016268   0.014073  -0.034036  -0.069288   0.017615  
  0.027748  -0.011130  -0.020479   0.005542   0.046291  -0.033648   0.059102  -0.023223   0.044355   0.001755  
  0.053313   0.008080   0.089347  -0.007071   0.015411  -0.054287  -0.098668   0.022153  -0.059807  -0.029302  
