  1000.000
   995.025
   990.050
   985.075
   980.101
   975.126
   970.151
   965.176
   960.201
   955.226
   950.251
   945.276
   940.302
   935.327
   930.352
   925.377
   920.402
   915.427
   910.452
   905.477
   900.503
   895.528
   890.553
   885.578
   880.603
   875.628
   870.653
   865.678
   860.704
   855.729
   850.754
   845.779
   840.804
   835.829
   830.854
   825.879
   820.905
   815.930
   810.955
   805.980
   801.005
   796.030
   791.055
   786.080
   781.106
   776.131
   771.156
   766.181
   761.206
   756.231
   751.256
   746.281
   741.307
   736.332
   731.357
   726.382
   721.407
   716.432
   711.457
   706.482
   701.508
   696.533
   691.558
   686.583
   681.608
   676.633
   671.658
   666.683
   661.709
   656.734
   651.759
   646.784
   641.809
   636.834
   631.859
   626.884
   621.910
   616.935
   611.960
   606.985
   602.010
   597.035
   592.060
   587.085
   582.111
   577.136
   572.161
   567.186
   562.211
   557.236
   552.261
   547.286
   542.312
   537.337
   532.362
   527.387
   522.412
   517.437
   512.462
   507.487
   502.513
   497.538
   492.563
   487.588
   482.613
   477.638
   472.663
   467.688
   462.714
   457.739
   452.764
   447.789
   442.814
   437.839
   432.864
   427.889
   422.915
   417.940
   412.965
   407.990
   403.015
   398.040
   393.065
   388.090
   383.116
   378.141
   373.166
   368.191
   363.216
   358.241
   353.266
   348.291
   343.317
   338.342
   333.367
   328.392
   323.417
   318.442
   313.467
   308.492
   303.518
   298.543
   293.568
   288.593
   283.618
   278.643
   273.668
   268.693
   263.719
   258.744
   253.769
   248.794
   243.819
   238.844
   233.869
   228.894
   223.920
   218.945
   213.970
   208.995
   204.020
   199.045
   194.070
   189.095
   184.121
   179.146
   174.171
   169.196
   164.221
   159.246
   154.271
   149.296
   144.322
   139.347
   134.372
   129.397
   124.422
   119.447
   114.472
   109.497
   104.523
    99.548
    94.573
    89.598
    84.623
    79.648
    74.673
    69.698
    64.724
    59.749
    54.774
    49.799
    44.824
    39.849
    34.874
    29.899
    24.925
    19.950
    14.975
    10.000
